2	0
4	2
6	8
8	9
10	19
12	35
14	45
16	25
18	50
20	78
22	44
24	75
26	105
28	113
30	150
32	66
34	110
36	124
38	199
40	144
42	205
44	168
46	139
48	221
50	217
52	147
54	338
56	248
58	248
60	406
62	403
64	149
66	244
68	452
70	301
72	372
74	230
76	322
78	394
80	492
82	486
84	575
86	247
88	452
90	311
92	315
94	281
96	509
98	609
100	490
102	746
104	696
106	357
108	791
110	643
112	609
114	600
116	626
118	429
120	538
122	889
124	556
126	945
128	345
130	529
132	1084
134	582
136	682
138	972
140	1123
142	840
144	895
146	782
148	815
150	1240
152	607
154	673
156	671
158	947
160	978
162	896
164	1452
166	706
168	1220
170	1426
172	774
174	1546
176	1135
178	1202
180	1570
182	1535
184	1285
186	1081
188	1034
190	735
192	1356
194	1527
196	705
198	1778
200	1532
202	1393
204	1473
206	997
208	1250
210	1685
212	1931
214	1420
216	1092
218	857
220	883
222	1037
224	1284
226	1280
228	2180
230	1695
232	1186
234	1250
236	1541
238	1727
240	1827
242	1216
244	2039
246	1723
248	1442
250	1746
252	1667
254	1912
256	747
258	1127
260	1496
262	1717
264	2083
266	1762
268	1182
270	2518
272	2202
274	979
276	1239
278	2269
280	1374
282	1923
284	2225
286	1587
288	1934
290	2341
292	1830
294	2869
296	2511
298	2052
300	2250
302	1626
304	2391
306	2047
308	2318
310	2385
312	2454
314	2739
316	1099
318	2922
320	2731
322	2465
324	2260
326	2092
328	1930
330	2269
332	1809
334	1839
336	2622
338	1587
340	1763
342	1131
344	2843
346	1977
348	3409
350	3591
352	1785
354	2691
356	2651
358	1691
360	3023
362	3502
364	2838
366	2008
368	3190
370	2114
372	3244
374	3630
376	2789
378	2622
380	4042
382	1382
384	3187
386	2370
388	2215
390	4078
392	2791
394	3341
396	3306
398	2491
400	1749
402	4022
404	2728
406	2906
408	3367
410	3709
412	2940
414	3686
416	3836
418	3524
420	4494
422	4212
424	3437
426	2314
428	2901
430	2808
432	2574
434	3256
436	2292
438	3744
440	3053
442	2476
444	4464
446	2527
448	3847
450	4389
452	2115
454	2306
456	1659
458	3461
460	2919
462	5020
464	4456
466	2045
468	5148
470	3199
472	3008
474	3288
476	3796
478	3712
480	4082
482	2810
484	3097
486	2837
488	4732
490	4474
492	5224
494	3139
496	2842
498	3554
500	4182
502	4336
504	4716
506	3926
508	4402
510	5784
512	1617
514	2366
516	4416
518	4663
520	4670
522	5111
524	5791
526	3225
528	3191
530	4864
532	4494
534	3653
536	4977
538	4886
540	4681
542	5939
544	4910
546	3281
548	5663
550	3805
552	4583
554	3261
556	3195
558	6172
560	4056
562	3184
564	6380
566	3087
568	3267
570	5619
572	4354
574	4780
576	4735
578	4685
580	4573
582	5330
584	5572
586	2153
588	6537
590	4412
592	5236
594	5139
596	2808
598	4967
600	5516
602	2997
604	4118
606	5307
608	6044
610	4288
612	5763
614	7153
616	2857
618	5252
620	7132
622	5029
624	3364
626	6540
628	4872
630	4137
632	3882
634	6289
636	3169
638	4227
640	5422
642	4463
644	5577
646	3288
648	6791
650	6131
652	3177
654	7379
656	6701
658	2865
660	7568
662	7591
664	3156
666	3555
668	6515
670	4434
672	4423
674	4326
676	5277
678	7561
680	4276
682	6641
684	3396
686	4824
688	4841
690	6105
692	6552
694	3665
696	6494
698	3979
700	4366
702	8024
704	3960
706	5116
708	6765
710	7951
712	5158
714	4847
716	4554
718	6483
720	6848
722	4418
724	3582
726	5791
728	6140
730	7967
732	4635
734	6967
736	5060
738	7440
740	7207
742	4234
744	7483
746	6005
748	6198
750	7653
752	8306
754	4915
756	4818
758	9020
760	5706
762	8904
764	4198
766	3373
768	7221
770	7403
772	3257
774	9405
776	3610
778	4354
780	7001
782	5518
784	6592
786	5117
788	8619
790	7369
792	5636
794	5312
796	5125
798	9685
800	7497
802	5105
804	6136
806	6059
808	7872
810	8477
812	8323
814	7154
816	7346
818	6935
820	2978
822	9402
824	8811
826	3762
828	9689
830	9724
832	6098
834	6878
836	7303
838	5819
840	8269
842	9497
844	5817
846	7280
848	8112
850	6411
852	9025
854	10292
856	4759
858	8873
860	10292
862	5580
864	8549
866	7473
868	7058
870	8954
872	6710
874	5517
876	8234
878	10490
880	8578
882	5875
884	10446
886	7165
888	9222
890	4067
892	7996
894	8766
896	9597
898	7192
900	7617
902	6812
904	5074
906	8120
908	11035
910	8684
912	6881
914	9042
916	6321
918	9577
920	8307
922	7276
924	9357
926	7497
928	7156
930	10186
932	7184
934	8778
936	5441
938	7460
940	8494
942	11640
944	9062
946	4720
948	10925
950	5300
952	9007
954	6710
956	9134
958	8094
960	8304
962	8140
964	9205
966	7480
968	10829
970	6810
972	8298
974	8114
976	6028
978	10283
980	7394
982	5633
984	10435
986	9183
988	7773
990	8880
992	10947
994	5474
996	10336
998	9599
1000	5589
1002	6561
1004	9355
1006	8391
1008	10821
1010	10506
1012	5689
1014	8064
1016	7349
1018	6629
1020	13151
1022	10409
1024	3429
1026	4939
1028	8903
1030	9380
1032	11093
1034	10215
1036	7588
1038	8104
1040	11628
1042	10369
1044	11052
1046	9165
1048	10906
1050	10621
1052	10691
1054	7425
1056	11142
1058	4334
1060	7824
1062	13065
1064	11480
1066	8474
1068	9906
1070	11568
1072	5231
1074	9456
1076	8323
1078	10339
1080	10526
1082	10432
1084	10831
1086	6583
1088	12017
1090	10303
1092	13694
1094	10749
1096	6064
1098	10603
1100	9049
1102	11077
1104	6000
1106	5340
1108	8355
1110	13948
1112	8169
1114	9552
1116	9259
1118	13176
1120	10924
1122	11843
1124	13859
1126	10121
1128	10007
1130	11477
1132	8266
1134	11904
1136	12659
1138	12333
1140	10837
1142	10304
1144	6242
1146	8046
1148	10490
1150	11269
1152	11836
1154	11851
1156	7151
1158	9205
1160	10242
1162	8918
1164	10167
1166	8883
1168	12460
1170	11288
1172	14740
1174	8447
1176	10800
1178	12159
1180	11849
1182	11393
1184	9782
1186	10317
1188	15359
1190	9982
1192	7232
1194	12168
1196	12036
1198	5265
1200	10329
1202	10826
1204	11440
1206	5962
1208	11432
1210	8008
1212	13445
1214	15728
1216	11655
1218	10653
1220	12663
1222	10252
1224	13412
1226	12824
1228	11577
1230	15462
1232	14314
1234	10536
1236	6950
1238	15602
1240	10613
1242	8807
1244	10278
1246	10829
1248	6558
1250	10982
1252	10421
1254	13322
1256	9289
1258	13459
1260	17273
1262	7952
1264	13507
1266	10826
1268	11432
1270	13472
1272	5744
1274	11637
1276	7002
1278	16855
1280	14689
1282	8634
1284	15528
1286	5430
1288	8413
1290	11538
1292	16802
1294	9166
1296	7524
1298	15389
1300	9398
1302	16401
1304	14762
1306	8736
1308	16218
1310	9740
1312	11453
1314	13447
1316	13863
1318	10356
1320	13527
1322	9062
1324	9383
1326	12352
1328	12576
1330	14277
1332	16515
1334	9324
1336	7853
1338	12265
1340	11848
1342	13318
1344	13196
1346	13019
1348	12869
1350	14490
1352	10306
1354	6283
1356	14491
1358	14578
1360	7288
1362	15194
1364	16027
1366	5017
1368	15302
1370	17550
1372	9975
1374	16965
1376	9916
1378	11606
1380	15873
1382	17181
1384	15389
1386	10648
1388	6084
1390	14863
1392	14908
1394	11139
1396	8217
1398	9508
1400	12496
1402	15146
1404	15438
1406	11103
1408	9724
1410	16828
1412	14604
1414	11187
1416	12720
1418	8404
1420	10074
1422	10107
1424	13607
1426	11909
1428	17973
1430	10664
1432	13893
1434	12397
1436	9186
1438	14498
1440	16274
1442	11770
1444	8362
1446	11869
1448	16875
1450	9643
1452	18589
1454	19242
1456	8884
1458	11654
1460	15489
1462	15922
1464	10986
1466	14342
1468	13559
1470	10875
1472	14701
1474	16262
1476	16104
1478	13285
1480	9520
1482	15487
1484	18721
1486	11504
1488	17248
1490	17549
1492	12822
1494	20366
1496	12145
1498	13125
1500	19748
1502	14277
1504	16207
1506	10259
1508	15402
1510	15889
1512	16656
1514	10984
1516	11967
1518	12830
1520	11475
1522	12703
1524	20100
1526	10250
1528	17222
1530	18219
1532	20384
1534	6260
1536	13010
1538	14938
1540	9443
1542	10841
1544	18395
1546	13767
1548	7675
1550	20746
1552	14458
1554	13649
1556	15104
1558	16122
1560	16197
1562	11850
1564	15169
1566	13877
1568	17633
1570	17356
1572	19658
1574	17955
1576	9825
1578	18605
1580	17213
1582	9306
1584	18079
1586	15721
1588	16838
1590	18213
1592	14938
1594	16506
1596	12725
1598	16232
1600	10606
1602	16904
1604	14994
1606	14805
1608	19093
1610	13970
1612	16911
1614	10548
1616	10954
1618	13688
1620	21291
1622	20854
1624	18449
1626	15237
1628	17574
1630	15050
1632	12008
1634	16215
1636	9509
1638	21592
1640	19887
1642	17976
1644	15745
1646	15111
1648	13694
1650	10239
1652	11976
1654	14682
1656	10753
1658	12450
1660	11282
1662	8780
1664	20277
1666	9629
1668	21114
1670	22130
1672	17993
1674	15837
1676	17282
1678	12183
1680	12658
1682	20270
1684	12204
1686	11685
1688	8303
1690	18969
1692	15216
1694	22844
1696	9028
1698	20105
1700	19747
1702	13646
1704	20004
1706	7622
1708	16821
1710	15814
1712	20676
1714	13366
1716	18713
1718	15138
1720	17452
1722	16783
1724	18785
1726	14618
1728	16169
1730	9846
1732	14490
1734	22778
1736	20163
1738	13357
1740	19508
1742	24164
1744	16295
1746	17982
1748	24741
1750	16350
1752	17144
1754	14688
1756	9041
1758	15000
1760	21116
1762	19547
1764	15151
1766	13123
1768	13103
1770	18420
1772	17702
1774	18783
1776	14855
1778	12807
1780	15038
1782	15723
1784	22890
1786	8527
1788	22967
1790	19811
1792	15826
1794	21151
1796	19665
1798	19348
1800	11043
1802	9172
1804	10704
1806	20430
1808	17562
1810	15227
1812	18221
1814	17371
1816	16016
1818	19417
1820	19986
1822	19811
1824	22084
1826	15137
1828	13213
1830	17808
1832	16998
1834	17810
1836	21760
1838	22044
1840	20425
1842	19259
1844	14715
1846	11143
1848	21487
1850	20828
1852	15902
1854	13224
1856	15618
1858	21187
1860	20572
1862	24669
1864	19066
1866	19746
1868	26001
1870	11685
1872	22875
1874	22991
1876	20012
1878	25621
1880	22655
1882	14025
1884	22087
1886	13668
1888	12772
1890	20977
1892	12824
1894	13572
1896	21793
1898	15967
1900	18684
1902	25942
1904	23153
1906	9670
1908	26264
1910	21619
1912	13193
1914	18051
1916	20878
1918	20147
1920	22002
1922	12553
1924	13044
1926	12672
1928	21128
1930	17496
1932	25319
1934	21145
1936	12803
1938	20375
1940	18825
1942	21828
1944	23016
1946	19783
1948	18998
1950	25864
1952	24214
1954	10296
1956	14715
1958	19364
1960	22306
1962	21460
1964	12655
1966	19147
1968	17990
1970	22308
1972	8742
1974	25738
1976	23698
1978	23152
1980	26391
1982	19035
1984	22823
1986	12297
1988	27197
1990	9745
1992	16753
1994	23889
1996	10878
1998	26820
2000	21350
2002	19280
2004	19757
2006	19855
2008	17127
2010	20977
2012	20957
2014	13489
2016	13177
2018	21056
2020	12765
2022	20363
2024	20994
2026	20678
2028	27185
2030	27273
2032	23667
2034	24207
2036	17854
2038	12772
2040	24700
2042	17191
2044	23216
2046	18879
2048	7252
2050	10260
2052	25380
2054	28045
2056	14610
2058	20097
2060	17439
2062	17163
2064	25936
2066	20187
2068	18182
2070	27720
2072	11884
2074	19384
2076	26398
2078	21109
2080	14218
2082	25619
2084	28967
2086	20025
2088	26660
2090	10995
2092	12215
2094	16910
2096	25024
2098	16554
2100	29406
2102	18350
2104	23687
2106	22000
2108	12509
2110	12007
2112	25068
2114	13449
2116	18715
2118	20520
2120	20817
2122	20248
2124	22149
2126	17747
2128	25267
2130	23591
2132	29574
2134	18402
2136	14421
2138	25035
2140	15960
2142	29503
2144	13560
2146	13738
2148	19180
2150	16679
2152	23057
2154	27017
2156	17314
2158	23732
2160	14185
2162	25484
2164	15577
2166	15406
2168	26632
2170	10839
2172	26133
2174	20666
2176	17145
2178	22129
2180	24508
2182	20181
2184	26380
2186	20348
2188	27287
2190	27344
2192	19000
2194	14204
2196	19704
2198	29002
2200	20227
2202	12538
2204	24721
2206	15092
2208	28626
2210	28381
2212	22468
2214	30414
2216	26864
2218	21030
2220	26352
2222	32117
2224	12513
2226	19781
2228	23765
2230	24833
2232	24462
2234	23846
2236	18443
2238	32688
2240	27706
2242	22979
2244	33126
2246	20943
2248	22550
2250	24268
2252	25536
2254	25663
2256	10486
2258	20168
2260	17972
2262	15705
2264	13846
2266	14700
2268	31294
2270	29793
2272	26350
2274	24092
2276	14201
2278	20521
2280	22843
2282	20454
2284	24655
2286	16890
2288	22701
2290	13036
2292	29943
2294	32621
2296	14725
2298	29056
2300	28349
2302	22617
2304	24138
2306	24270
2308	22427
2310	32297
2312	28078
2314	13018
2316	28223
2318	12415
2320	28222
2322	22025
2324	28772
2326	10713
2328	27302
2330	20000
2332	13190
2334	32239
2336	29038
2338	20654
2340	32548
2342	26947
2344	16483
2346	18436
2348	27315
2350	25198
2352	14538
2354	20095
2356	15353
2358	32773
2360	11129
2362	26382
2364	26613
2366	18177
2368	26487
2370	26934
2372	33925
2374	16854
2376	25844
2378	31392
2380	15954
2382	24956
2384	25424
2386	18742
2388	12302
2390	32840
2392	28680
2394	26971
2396	26054
2398	21877
2400	31158
2402	28446
2404	19650
2406	14085
2408	29622
2410	17688
2412	26972
2414	19850
2416	18372
2418	31633
2420	28550
2422	27781
2424	31041
2426	20350
2428	24337
2430	30272
2432	18764
2434	23708
2436	30617
2438	35031
2440	21910
2442	23497
2444	24515
2446	23802
2448	30530
2450	21518
2452	20121
2454	24476
2456	32023
2458	12604
2460	34293
2462	29581
2464	30089
2466	15983
2468	34312
2470	29288
2472	22543
2474	28185
2476	15009
2478	33824
2480	27135
2482	30222
2484	28529
2486	23938
2488	29825
2490	31345
2492	30437
2494	21610
2496	23778
2498	32256
2500	21008
2502	16928
2504	32228
2506	24311
2508	26066
2510	19388
2512	22446
2514	25877
2516	27820
2518	28383
2520	25213
2522	29083
2524	29728
2526	19484
2528	25401
2530	21196
2532	36290
2534	25097
2536	21402
2538	26658
2540	34374
2542	24129
2544	32191
2546	28053
2548	22992
2550	36674
2552	33916
2554	27181
2556	13688
2558	34650
2560	30168
2562	29001
2564	24912
2566	14146
2568	20723
2570	22699
2572	27798
2574	28039
2576	30460
2578	30999
2580	35471
2582	25577
2584	16939
2586	26253
2588	25655
2590	29743
2592	32089
2594	18545
2596	22688
2598	32565
2600	26046
2602	24259
2604	28952
2606	25792
2608	26912
2610	34660
2612	27129
2614	20325
2616	30239
2618	32677
2620	20586
2622	40167
2624	26151
2626	24023
2628	31415
2630	31579
2632	30940
2634	35202
2636	15506
2638	30263
2640	18835
2642	26873
2644	19829
2646	29791
2648	33342
2650	33560
2652	20422
2654	28089
2656	24919
2658	22909
2660	36747
2662	30459
2664	35440
2666	18035
2668	14679
2670	20112
2672	28182
2674	29164
2676	32789
2678	38710
2680	26794
2682	30410
2684	37712
2686	28660
2688	19082
2690	25660
2692	22316
2694	37863
2696	26404
2698	22571
2700	38905
2702	15454
2704	20878
2706	31157
2708	38573
2710	16102
2712	32612
2714	38215
2716	24430
2718	23106
2720	38781
2722	33378
2724	35066
2726	23600
2728	32162
2730	38256
2732	14507
2734	23269
2736	31608
2738	24695
2740	28038
2742	37891
2744	27516
2746	18830
2748	30196
2750	34257
2752	28935
2754	35701
2756	25597
2758	26706
2760	18109
2762	17943
2764	21778
2766	22458
2768	29175
2770	28486
2772	31143
2774	36249
2776	23213
2778	36354
2780	22676
2782	25267
2784	22567
2786	29656
2788	31127
2790	38549
2792	31591
2794	21291
2796	19957
2798	40404
2800	32288
2802	35858
2804	40022
2806	16175
2808	32325
2810	39041
2812	25273
2814	28578
2816	35369
2818	24725
2820	39889
2822	18741
2824	35094
2826	22471
2828	20187
2830	26211
2832	36348
2834	22693
2836	19463
2838	40252
2840	33110
2842	34701
2844	41213
2846	27682
2848	16140
2850	24937
2852	40633
2854	31624
2856	25669
2858	21959
2860	20063
2862	39663
2864	26788
2866	28730
2868	36524
2870	21535
2872	27981
2874	27218
2876	33145
2878	25274
2880	35518
2882	29839
2884	27527
2886	24443
2888	40687
2890	32437
2892	36561
2894	36313
2896	22308
2898	38795
2900	29352
2902	34893
2904	37452
2906	30390
2908	20353
2910	40103
2912	23867
2914	25240
2916	27171
2918	35887
2920	24506
2922	21058
2924	30495
2926	18211
2928	38439
2930	32150
2932	31506
2934	37391
2936	37292
2938	22711
2940	41490
2942	31830
2944	16927
2946	25435
2948	32275
2950	34462
2952	36609
2954	32533
2956	26733
2958	40587
2960	39426
2962	24389
2964	41107
2966	25261
2968	25201
2970	32281
2972	23588
2974	34645
2976	22066
2978	28049
2980	16526
2982	28425
2984	32017
2986	31001
2988	37875
2990	30275
2992	30670
2994	27048
2996	35831
2998	21561
3000	34651
3002	36035
3004	19695
3006	21571
3008	29500
3010	28676
3012	43373
3014	37245
3016	24891
3018	24053
3020	42927
3022	31974
3024	38543
3026	26270
3028	32223
3030	30670
3032	21400
3034	18040
3036	37096
3038	43560
3040	23731
3042	41322
3044	34129
3046	21774
3048	32347
3050	35626
3052	25507
3054	21289
3056	29599
3058	38642
3060	27988
3062	27389
3064	31329
3066	36116
3068	45497
3070	14869
3072	36494
3074	26865
3076	14332
3078	31740
3080	41083
3082	27024
3084	43017
3086	29024
3088	28845
3090	36079
3092	21966
3094	37615
3096	38520
3098	26663
3100	30306
3102	39414
3104	39707
3106	28711
3108	37332
3110	32057
3112	25229
3114	32890
3116	23798
3118	37236
3120	38646
3122	26653
3124	35987
3126	42384
3128	40993
3130	32112
3132	24184
3134	15649
3136	26935
3138	36589
3140	25779
3142	32620
3144	36330
3146	21953
3148	30259
3150	40203
3152	37992
3154	31801
3156	27480
3158	20364
3160	28710
3162	31910
3164	37673
3166	33848
3168	41621
3170	40184
3172	15959
3174	39814
3176	25206
3178	27708
3180	34321
3182	39466
3184	40867
3186	22107
3188	46181
3190	39445
3192	20554
3194	31040
3196	30227
3198	41822
3200	29614
3202	29463
3204	47346
3206	21896
3208	34113
3210	43937
3212	34487
3214	20573
3216	31764
3218	39069
3220	29130
3222	33762
3224	41676
3226	25239
3228	41043
3230	39328
3232	37852
3234	38358
3236	39328
3238	32985
3240	36091
3242	30373
3244	34179
3246	35298
3248	36470
3250	33156
3252	36573
3254	49087
3256	20374
3258	33564
3260	41264
3262	40703
3264	32421
3266	35213
3268	37289
3270	42202
3272	38434
3274	41758
3276	32798
3278	17810
3280	33553
3282	25367
3284	33145
3286	18169
3288	41812
3290	34108
3292	32058
3294	34454
3296	43449
3298	27077
3300	50767
3302	39361
3304	33518
3306	38871
3308	47024
3310	20702
3312	28367
3314	39306
3316	16051
3318	36798
3320	45794
3322	31947
3324	49227
3326	27148
3328	42461
3330	44258
3332	30503
3334	25403
3336	33475
3338	40272
3340	29122
3342	20748
3344	37522
3346	27869
3348	49791
3350	35306
3352	39574
3354	36026
3356	22330
3358	33417
3360	45173
3362	28789
3364	35306
3366	21299
3368	19336
3370	40791
3372	48808
3374	41648
3376	36369
3378	36509
3380	30783
3382	33847
3384	38991
3386	37810
3388	35572
3390	36404
3392	27126
3394	24840
3396	21532
3398	38040
3400	37219
3402	43739
3404	41301
3406	36418
3408	48889
3410	31251
3412	35752
3414	48533
3416	20169
3418	33619
3420	43357
3422	33889
3424	29713
3426	32554
3428	44505
3430	25473
3432	31044
3434	46271
3436	24139
3438	44966
3440	29352
3442	30989
3444	38997
3446	29300
3448	40686
3450	37752
3452	29088
3454	39923
3456	36367
3458	39998
3460	34674
3462	51521
3464	36896
3466	21988
3468	54686
3470	48814
3472	27569
3474	30278
3476	41057
3478	30699
3480	26260
3482	50998
3484	34665
3486	20335
3488	44745
3490	31047
3492	50150
3494	37239
3496	26685
3498	42589
3500	52441
3502	42410
3504	28806
3506	40875
3508	35754
3510	49795
3512	48956
3514	45808
3516	20193
3518	51561
3520	30609
3522	41094
3524	39918
3526	35215
3528	48175
3530	40804
3532	37614
3534	53742
3536	34127
3538	42887
3540	51695
3542	33520
3544	33825
3546	42728
3548	50555
3550	29958
3552	45021
3554	34406
3556	30323
3558	52551
3560	49331
3562	45487
3564	47384
3566	31637
3568	29875
3570	39820
3572	51350
3574	26769
3576	23674
3578	23239
3580	34472
3582	51457
3584	49857
3586	37383
3588	42828
3590	29507
3592	15859
3594	47778
3596	41346
3598	30305
3600	44355
3602	34193
3604	34367
3606	30812
3608	41203
3610	38559
3612	40028
3614	51435
3616	17905
3618	52626
3620	40928
3622	35754
3624	49013
3626	39722
3628	24106
3630	45208
3632	40889
3634	39760
3636	38074
3638	54287
3640	47140
3642	20383
3644	52543
3646	43100
3648	42808
3650	33787
3652	31636
3654	39075
3656	23810
3658	38752
3660	53314
3662	42737
3664	31542
3666	34286
3668	37303
3670	45621
3672	47239
3674	41361
3676	36961
3678	52659
3680	40592
3682	34070
3684	19047
3686	39112
3688	47088
3690	28469
3692	55076
3694	43598
3696	39313
3698	50917
3700	39034
3702	52994
3704	43050
3706	20875
3708	33272
3710	52815
3712	49328
3714	44649
3716	44911
3718	32931
3720	48978
3722	57038
3724	25961
3726	40916
3728	50758
3730	31017
3732	24771
3734	53316
3736	36926
3738	44313
3740	43152
3742	19563
3744	47395
3746	42300
3748	32578
3750	51546
3752	28860
3754	36417
3756	49279
3758	37985
3760	41175
3762	33252
3764	50037
3766	27708
3768	49136
3770	50066
3772	46823
3774	48015
3776	24866
3778	50439
3780	55397
3782	34003
3784	23615
3786	46295
3788	40414
3790	39747
3792	37415
3794	50276
3796	33220
3798	55265
3800	50248
3802	33438
3804	55023
3806	40667
3808	46842
3810	44600
3812	43390
3814	17581
3816	21785
3818	51279
3820	34371
3822	47826
3824	44753
3826	26844
3828	32839
3830	40918
3832	50172
3834	47343
3836	38405
3838	46419
3840	46658
3842	44242
3844	26026
3846	40407
3848	51401
3850	48294
3852	56519
3854	55921
3856	16268
3858	36072
3860	45461
3862	30912
3864	50461
3866	44661
3868	37013
3870	41898
3872	35321
3874	50968
3876	27958
3878	56570
3880	34668
3882	39423
3884	41485
3886	22350
3888	49116
3890	43700
3892	45372
3894	31754
3896	33589
3898	27701
3900	53469
3902	50826
3904	50494
3906	31784
3908	57593
3910	48026
3912	51333
3914	28041
3916	33688
3918	63940
3920	53894
3922	50020
3924	56613
3926	35954
3928	29773
3930	52280
3932	63189
3934	34731
3936	50104
3938	22333
3940	40369
3942	51537
3944	35711
3946	43944
3948	58204
3950	50470
3952	37473
3954	52575
3956	28276
3958	47805
3960	50781
3962	36726
3964	27016
3966	27139
3968	55207
3970	35901
3972	52201
3974	42073
3976	35839
3978	36407
3980	52146
3982	41507
3984	48732
3986	46462
3988	49099
3990	59286
3992	36372
3994	51040
3996	36004
3998	31799
4000	27699
4002	48514
4004	59970
4006	29647
4008	52712
4010	42373
4012	42968
4014	59804
4016	34001
4018	36558
4020	59454
4022	62487
4024	47853
4026	42362
4028	51291
4030	39872
4032	52369
4034	23707
4036	38917
4038	54638
4040	33819
4042	43480
4044	49774
4046	42062
4048	45908
4050	43694
4052	26304
4054	31278
4056	44183
4058	36279
4060	25035
4062	32382
4064	49047
4066	43841
4068	52671
4070	35413
4072	45749
4074	57318
4076	49781
4078	28293
4080	51757
4082	44767
4084	46943
4086	38978
4088	48642
4090	46945
4092	65881
4094	65094
4096	15125
4098	21162
4100	63008
4102	53162
4104	53722
4106	48942
4108	51226
4110	54654
4112	58274
4114	35299
4116	53281
4118	56100
4120	51522
4122	50477
4124	30322
4126	29681
4128	55501
4130	47075
4132	42605
4134	60843
4136	54266
4138	46130
4140	60488
4142	32578
4144	52213
4146	50959
4148	42089
4150	51320
4152	42776
4154	44100
4156	30932
4158	62113
4160	59313
4162	18434
4164	53235
4166	34639
4168	44912
4170	57249
4172	42198
4174	46170
4176	48920
4178	31161
4180	36183
4182	38673
4184	41180
4186	32644
4188	35188
4190	56691
4192	28749
4194	48151
4196	52723
4198	42645
4200	28957
4202	45049
4204	52091
4206	49900
4208	28960
4210	47081
4212	51706
4214	53904
4216	34417
4218	52675
4220	65414
4222	29061
4224	52723
4226	46646
4228	47592
4230	64064
4232	59195
4234	42969
4236	45147
4238	47782
4240	41977
4242	59073
4244	64797
4246	36837
4248	44741
4250	42920
4252	24673
4254	67386
4256	43902
4258	36363
4260	63882
4262	74534
4264	30587
4266	51561
4268	37296
4270	44782
4272	44049
4274	47058
4276	35611
4278	40988
4280	60136
4282	52900
4284	68922
4286	45221
4288	32126
4290	54405
4292	47495
4294	49740
4296	58094
4298	43728
4300	42950
4302	44416
4304	28550
4306	27426
4308	47079
4310	51184
4312	51614
4314	59601
4316	54173
4318	56403
4320	44724
4322	51074
4324	35272
4326	49379
4328	59058
4330	24822
4332	44319
4334	49334
4336	35766
4338	61675
4340	56989
4342	55469
4344	49205
4346	50169
4348	35463
4350	64420
4352	48964
4354	56769
4356	35716
4358	67820
4360	55457
4362	39009
4364	66245
4366	27258
4368	40187
4370	18484
4372	38438
4374	66763
4376	56207
4378	47397
4380	45439
4382	31735
4384	49019
4386	55019
4388	57021
4390	32268
4392	59100
4394	51524
4396	43734
4398	65206
4400	61166
4402	39015
4404	30410
4406	38951
4408	32492
4410	47928
4412	39371
4414	47702
4416	54817
4418	27313
4420	56970
4422	45417
4424	53130
4426	48545
4428	48966
4430	50132
4432	40704
4434	29331
4436	54196
4438	35152
4440	52896
4442	58019
4444	44982
4446	30186
4448	60581
4450	56463
4452	66426
4454	39834
4456	44292
4458	57805
4460	46684
4462	56606
4464	64068
4466	50566
4468	53644
4470	38997
4472	55233
4474	40729
4476	57633
4478	59145
4480	58013
4482	50266
4484	69635
4486	36290
4488	40032
4490	68755
4492	46366
4494	70324
4496	36917
4498	61093
4500	55611
4502	49105
4504	43129
4506	34486
4508	69378
4510	55729
4512	56283
4514	28112
4516	30950
4518	66585
4520	53047
4522	45739
4524	44159
4526	40120
4528	55861
4530	55638
4532	62153
4534	57156
4536	61978
4538	46340
4540	33728
4542	57037
4544	50555
4546	42936
4548	69697
4550	57595
4552	38615
4554	47316
4556	45103
4558	38431
4560	58550
4562	60320
4564	44551
4566	53860
4568	53434
4570	61927
4572	61618
4574	50012
4576	30809
4578	34466
4580	32568
4582	60672
4584	64568
4586	54273
4588	52138
4590	42056
4592	66881
4594	61553
4596	50133
4598	61698
4600	20003
4602	53370
4604	70143
4606	40433
4608	57083
4610	58207
4612	46253
4614	62665
4616	47717
4618	37010
4620	54385
4622	68761
4624	31877
4626	52425
4628	52945
4630	59064
4632	48513
4634	38767
4636	41445
4638	74399
4640	66184
4642	22909
4644	49125
4646	50884
4648	61406
4650	64135
4652	64233
4654	50525
4656	40490
4658	48401
4660	41076
4662	65233
4664	57174
4666	49758
4668	60668
4670	54291
4672	57928
4674	66662
4676	27467
4678	55432
4680	60828
4682	19219
4684	40081
4686	48500
4688	42893
4690	53128
4692	71843
4694	52303
4696	41211
4698	31188
4700	45332
4702	59650
4704	67767
4706	54742
4708	52667
4710	42225
4712	29608
4714	61144
4716	43123
4718	54120
4720	53602
4722	45805
4724	71336
4726	36843
4728	67264
4730	53343
4732	53639
4734	48140
4736	62834
4738	51491
4740	63250
4742	48214
4744	35087
4746	26956
4748	66682
4750	61332
4752	50714
4754	45796
4756	48041
4758	61953
4760	57905
4762	58702
4764	48457
4766	33939
4768	54570
4770	49459
4772	55375
4774	45374
4776	48913
4778	43681
4780	60163
4782	32007
4784	68956
4786	38104
4788	74225
4790	70166
4792	50753
4794	68971
4796	43296
4798	31788
4800	64007
4802	60499
4804	50538
4806	53131
4808	58385
4810	43904
4812	46752
4814	72830
4816	51167
4818	62007
4820	56467
4822	64601
4824	42156
4826	48971
4828	44661
4830	55250
4832	70182
4834	61233
4836	67525
4838	54762
4840	31452
4842	61393
4844	67551
4846	33596
4848	67360
4850	50004
4852	41259
4854	65609
4856	48880
4858	64727
4860	25498
4862	59697
4864	64957
4866	45315
4868	47771
4870	54728
4872	52850
4874	68039
4876	44451
4878	72853
4880	37214
4882	53365
4884	40959
4886	53769
4888	44224
4890	70704
4892	45586
4894	40042
4896	43563
4898	68108
4900	55422
4902	58927
4904	69994
4906	28122
4908	66515
4910	64632
4912	64613
4914	70030
4916	63418
4918	58546
4920	65286
4922	28179
4924	53938
4926	57913
4928	57374
4930	47999
4932	60956
4934	73136
4936	45957
4938	61645
4940	59266
4942	49778
4944	70014
4946	47503
4948	30874
4950	67054
4952	70495
4954	36127
4956	66553
4958	76616
4960	46938
4962	43561
4964	58141
4966	32351
4968	72885
4970	67123
4972	37787
4974	79560
4976	64965
4978	35502
4980	70077
4982	57200
4984	26775
4986	50788
4988	80841
4990	65006
4992	42003
4994	58293
4996	28818
4998	69949
5000	49093
5002	64675
5004	79142
5006	32807
5008	68083
5010	74417
5012	76714
5014	61622
5016	45936
5018	64093
5020	54998
5022	62470
5024	72552
5026	53342
5028	51817
5030	68737
5032	36864
5034	59868
5036	53801
5038	42898
5040	69366
5042	73529
5044	59371
5046	55436
5048	47196
5050	46296
5052	77910
5054	59720
5056	35732
5058	62566
5060	76665
5062	25090
5064	69513
5066	38861
5068	64488
5070	56149
5072	55722
5074	45638
5076	49124
5078	81751
5080	70934
5082	56804
5084	48415
5086	34234
5088	69832
5090	51321
5092	62667
5094	68099
5096	70421
5098	58128
5100	77955
5102	66119
5104	51843
5106	50647
5108	77513
5110	61222
5112	67753
5114	55533
5116	22857
5118	41117
5120	70863
5122	57847
5124	61909
5126	37786
5128	48192
5130	53895
5132	59249
5134	61521
5136	44447
5138	69265
5140	40582
5142	59206
5144	58611
5146	55407
5148	83383
5150	47397
5152	45303
5154	41051
5156	67874
5158	65756
5160	51025
5162	42232
5164	54179
5166	56394
5168	61605
5170	57307
5172	79779
5174	50060
5176	51334
5178	55177
5180	79822
5182	48412
5184	52173
5186	41214
5188	29250
5190	82284
5192	77178
5194	43809
5196	69687
5198	70393
5200	66832
5202	66558
5204	57780
5206	60956
5208	44051
5210	49229
5212	47737
5214	58179
5216	54768
5218	60473
5220	54579
5222	72859
5224	74214
5226	45700
5228	79411
5230	49562
5232	76077
5234	65563
5236	53837
5238	62544
5240	61590
5242	71187
5244	73373
5246	57245
5248	56779
5250	66460
5252	60185
5254	53135
5256	57340
5258	55266
5260	43905
5262	80980
5264	62710
5266	37398
5268	63401
5270	66538
5272	43989
5274	74917
5276	55424
5278	68684
5280	53846
5282	73395
5284	67151
5286	33373
5288	66394
5290	43649
5292	45953
5294	63298
5296	39522
5298	60228
5300	63746
5302	39752
5304	73954
5306	63928
5308	54762
5310	79710
5312	58103
5314	51111
5316	72150
5318	49017
5320	65348
5322	52951
5324	70907
5326	44269
5328	69440
5330	60446
5332	38510
5334	82533
5336	48762
5338	52634
5340	60063
5342	46060
5344	48167
5346	55585
5348	48364
5350	74696
5352	73922
5354	67892
5356	26265
5358	74086
5360	52012
5362	69961
5364	64831
5366	49609
5368	60205
5370	55436
5372	51051
5374	48722
5376	57932
5378	63757
5380	64261
5382	69357
5384	54237
5386	60605
5388	84787
5390	58972
5392	67396
5394	67797
5396	57663
5398	32551
5400	74967
5402	56696
5404	32192
5406	66031
5408	78606
5410	42443
5412	76563
5414	70667
5416	62778
5418	79882
5420	33371
5422	53082
5424	50122
5426	35008
5428	56876
5430	60742
5432	78397
5434	55380
5436	74801
5438	74314
5440	49618
5442	62199
5444	86187
5446	54970
5448	78186
5450	65413
5452	61944
5454	48080
5456	79088
5458	58937
5460	78752
5462	21708
5464	60675
5466	55455
5468	48092
5470	73489
5472	59111
5474	57525
5476	45837
5478	86748
5480	78045
5482	48094
5484	84537
5486	60590
5488	53826
5490	64961
5492	71021
5494	56930
5496	45041
5498	66977
5500	54225
5502	84229
5504	66117
5506	64801
5508	85228
5510	65910
5512	67917
5514	70117
5516	41845
5518	60293
5520	73156
5522	74041
5524	61690
5526	40868
5528	82776
5530	45563
5532	60700
5534	73694
5536	43648
5538	41093
5540	77983
5542	71240
5544	52892
5546	66975
5548	63577
5550	67516
5552	37423
5554	56476
5556	42822
5558	85062
5560	39287
5562	81299
5564	85786
5566	46146
5568	79495
5570	58782
5572	64204
5574	93709
5576	64161
5578	64035
5580	79309
5582	46307
5584	77941
5586	71670
5588	48915
5590	70024
5592	72632
5594	60843
5596	57820
5598	64130
5600	79642
5602	76484
5604	57321
5606	66791
5608	37936
5610	73303
5612	49611
5614	72999
5616	75445
5618	57528
5620	67796
5622	41607
5624	80333
5626	70837
5628	44095
5630	39735
5632	77459
5634	67102
5636	62183
5638	73035
5640	78806
5642	61335
5644	41812
5646	59706
5648	81278
5650	67205
5652	86556
5654	77324
5656	41360
5658	82332
5660	93841
5662	39453
5664	72173
5666	64399
5668	61561
5670	61317
5672	84574
5674	38234
5676	77852
5678	55903
5680	42180
5682	54577
5684	88860
5686	67351
5688	78052
5690	66292
5692	52195
5694	90685
5696	55039
5698	63890
5700	73387
5702	87372
5704	78797
5706	54964
5708	68605
5710	68221
5712	63188
5714	52248
5716	37525
5718	90355
5720	46464
5722	75829
5724	75173
5726	55757
5728	67510
5730	49002
5732	52746
5734	40070
5736	51111
5738	54345
5740	60509
5742	93253
5744	80890
5746	65139
5748	78426
5750	88049
5752	73705
5754	80494
5756	74458
5758	68885
5760	74890
5762	60575
5764	37605
5766	57515
5768	46419
5770	46665
5772	82695
5774	63543
5776	37844
5778	63821
5780	90922
5782	62037
5784	79107
5786	47009
5788	61342
5790	79744
5792	91615
5794	81942
5796	52227
5798	34022
5800	64665
5802	87346
5804	68571
5806	49508
5808	84647
5810	62226
5812	62272
5814	89668
5816	58598
5818	55676
5820	78562
5822	60338
5824	75462
5826	62937
5828	91387
5830	69852
5832	69241
5834	58673
5836	61732
5838	66854
5840	83810
5842	65694
5844	92542
5846	66253
5848	80022
5850	88459
5852	98577
5854	75455
5856	83330
5858	83136
5860	40137
5862	76245
5864	38764
5866	43594
5868	70600
5870	93398
5872	56800
5874	74587
5876	73232
5878	76041
5880	79594
5882	75955
5884	63949
5886	70024
5888	83168
5890	38806
5892	63240
5894	80342
5896	65954
5898	87670
5900	77083
5902	53496
5904	83948
5906	56359
5908	70054
5910	79510
5912	51838
5914	35120
5916	49255
5918	54418
5920	79425
5922	44222
5924	92032
5926	68666
5928	86939
5930	80425
5932	79104
5934	67495
5936	86759
5938	83761
5940	91963
5942	55643
5944	55795
5946	49923
5948	63648
5950	69662
5952	64983
5954	75681
5956	36479
5958	60981
5960	86939
5962	80245
5964	41215
5966	67383
5968	38379
5970	51396
5972	71788
5974	51447
5976	79694
5978	74459
5980	71248
5982	62665
5984	67675
5986	32793
5988	93077
5990	60880
5992	80328
5994	73844
5996	51506
5998	69034
6000	75150
