2000000	31579151
2000002	35304066
2000004	56250379
2000006	47413331
2000008	38347249
2000010	47526830
2000012	27889714
2000014	51228501
2000016	44519057
2000018	49194913
2000020	41986520
2000022	40060692
2000024	46713832
2000026	44505853
2000028	34534034
2000030	53756125
2000032	47351534
2000034	46951392
2000036	28268831
2000038	43426343
2000040	50453975
2000042	42963878
2000044	29983246
2000046	37412669
2000048	43935810
2000050	49574750
2000052	46841936
2000054	38203293
2000056	41667190
2000058	49433917
2000060	22734825
2000062	29416912
2000064	27777083
2000066	47749903
2000068	32108380
2000070	44305065
2000072	48297863
2000074	37811702
2000076	33355449
2000078	41534954
2000080	44142820
2000082	49414110
2000084	47355957
2000086	40422412
2000088	38731433
2000090	29367628
2000092	40279232
2000094	54037092
2000096	40270570
2000098	37148161
2000100	47753579
2000102	33322547
2000104	28242279
2000106	39043329
2000108	56692997
2000110	38138799
2000112	50939002
2000114	48537023
2000116	36455194
2000118	52065266
2000120	37373402
2000122	51055601
2000124	43325070
2000126	32895496
2000128	38052321
2000130	48835152
2000132	46728205
2000134	48666120
2000136	43326597
2000138	44128644
2000140	40226840
2000142	28416611
2000144	51944010
2000146	35098107
2000148	54408761
2000150	29757524
2000152	35553074
2000154	48732432
2000156	49458790
2000158	44676840
2000160	46138811
2000162	51119695
2000164	31234554
2000166	46386318
2000168	45963487
2000170	31458772
2000172	38993601
2000174	34133103
2000176	42926062
2000178	52677649
2000180	51878821
2000182	45837356
2000184	50804408
2000186	33450178
2000188	31072718
2000190	39825565
2000192	46581548
2000194	47007362
2000196	42724597
2000198	49854468
2000200	50251786
