2	0
196	705
390	4078
584	5572
778	4354
972	8298
1166	8883
1360	7288
1554	13649
1748	24741
1942	21828
2136	14421
2330	20000
2524	29728
2718	23106
2912	23867
3106	28711
3300	50767
3494	37239
3688	47088
3882	39423
4076	49781
4270	44782
4464	64068
4658	48401
4852	41259
5046	55436
5240	61590
5434	55380
5628	44095
5822	60338
6016	56164
6210	78487
6404	51438
6598	68888
6792	75681
6986	55208
7180	81573
7374	90180
7568	84354
7762	76799
7956	75188
8150	68253
8344	93736
8538	116522
8732	145750
8926	65808
9120	127819
9314	126826
9508	123309
9702	99707
9896	152548
10090	111074
10284	75452
10478	176616
10672	159116
10866	104188
11060	160665
11254	86358
11448	87504
11642	141269
11836	149273
12030	183454
12224	168793
12418	190343
12612	218231
12806	144952
13000	147162
13194	192509
13388	158060
13582	197320
13776	167971
13970	175804
14164	151931
14358	236846
14552	247122
14746	197223
14940	260842
15134	170457
15328	183279
15522	198802
15716	173801
15910	244580
16104	264410
16298	167432
16492	226891
16686	227005
16880	229677
17074	161561
17268	248319
17462	172341
17656	213443
17850	269520
18044	321394
18238	239091
18432	269110
18626	255839
18820	175714
19014	334913
19208	327735
19402	235936
19596	323750
19790	175339
19984	268126
20178	309916
20372	288953
20566	177345
20760	330618
20954	247867
21148	226171
21342	374977
21536	261975
21730	350597
21924	321591
22118	312235
22312	226205
22506	272300
22700	303594
22894	323595
23088	403938
23282	243366
23476	261432
23670	445179
23864	298142
24058	376857
24252	382699
24446	350985
24640	327316
24834	416357
25028	415039
25222	247414
25416	237910
25610	287198
25804	328653
25998	502426
26192	355315
26386	393727
26580	460781
26774	394603
26968	329355
27162	371592
27356	367739
27550	249069
27744	496437
27938	254181
28132	383824
28326	339509
28520	436776
28714	385746
28908	480632
29102	545021
29296	233011
29490	494334
29684	433570
29878	351758
30072	506225
30266	478401
30460	314204
30654	323542
30848	414451
31042	403117
31236	557491
31430	420504
31624	360368
31818	286110
32012	415078
32206	298770
32400	537560
32594	566304
32788	471861
32982	455153
33176	491966
33370	501045
33564	627696
33758	649817
33952	585707
34146	569272
34340	592319
34534	434515
34728	374440
34922	572175
35116	418637
35310	450316
35504	299396
35698	305633
35892	537454
36086	542236
36280	486687
36474	651786
36668	475923
36862	554544
37056	627981
37250	670413
37444	496370
37638	573421
37832	729516
38026	414453
38220	749205
38414	677322
38608	495264
38802	366179
38996	574644
39190	585749
39384	699103
39578	619369
39772	663214
39966	581134
40160	453070
40354	717439
40548	717243
40742	582729
40936	543665
41130	583101
41324	564365
41518	568019
41712	733824
41906	500667
42100	703847
42294	829077
42488	763034
42682	614885
42876	755959
43070	512626
43264	508286
43458	824580
43652	901733
43846	466659
44040	604537
44234	534711
44428	576629
44622	874919
44816	813644
45010	742197
45204	766931
45398	807337
45592	558421
45786	567794
45980	957580
46174	778977
46368	659980
46562	651106
46756	634259
46950	544111
47144	851901
47338	675851
47532	721149
47726	786344
47920	720896
48114	793853
48308	602057
48502	620835
48696	760056
48890	852162
49084	721926
49278	985174
49472	539406
49666	485654
49860	446897
50054	999294
50248	739062
50442	649275
50636	439855
50830	894063
51024	691557
51218	900443
51412	705726
51606	798773
51800	611763
51994	557337
52188	980204
52382	834966
52576	600601
52770	946628
52964	946917
53158	705322
53352	487335
53546	900064
53740	637218
53934	990299
54128	859816
54322	598904
54516	885238
54710	1113750
54904	879604
55098	724539
55292	985824
55486	695479
55680	1006295
55874	1048531
56068	784586
56262	832732
56456	470982
56650	944487
56844	1209232
57038	1082165
57232	985922
57426	866404
57620	896354
57814	856705
58008	641743
58202	776411
58396	490402
58590	618640
58784	1093575
58978	541061
59172	906943
59366	849372
59560	1103255
59754	675561
59948	682356
60142	1076214
60336	837558
60530	917219
60724	753711
60918	1260727
61112	812134
61306	698413
61500	874264
61694	979033
61888	647627
62082	1028016
62276	955454
62470	467409
62664	892227
62858	1129459
63052	944111
63246	613059
63440	1289692
63634	1170556
63828	1066625
64022	917105
64216	1019170
64410	1141319
64604	1074324
64798	1199647
64992	990727
65186	1172931
65380	575831
65574	1264941
65768	1133111
65962	761691
66156	842122
66350	1077211
66544	732905
66738	1292719
66932	1211934
67126	1078154
67320	1007903
67514	1062043
67708	1185043
67902	1160822
68096	1304672
68290	712298
68484	1363452
68678	1019847
68872	1135964
69066	1017497
69260	1441523
69454	1160310
69648	977996
69842	642943
70036	803331
70230	1508566
70424	1198822
70618	1352447
70812	1358876
71006	1000103
71200	1254332
71394	945513
71588	1045077
71782	622686
71976	1282296
72170	1201854
72364	1142363
72558	1297369
72752	958437
72946	958922
73140	648180
73334	818712
73528	1395922
73722	1263424
73916	1360230
74110	905504
74304	1417222
74498	1225170
74692	852000
74886	793253
75080	1463384
75274	680731
75468	1149908
75662	1247251
75856	952291
76050	756660
76244	1430305
76438	994002
76632	1409791
76826	1079016
77020	1258739
77214	1578131
77408	982573
77602	1464223
77796	1289618
77990	1516575
78184	546297
78378	1389635
78572	1623307
78766	983983
78960	1057070
79154	1519412
79348	1384561
79542	991919
79736	1044192
79930	1356256
80124	1334029
80318	1773341
80512	1124866
80706	1180413
80900	586011
81094	1231716
81288	1587767
81482	1248417
81676	1007668
81870	1707218
82064	1503216
82258	1422038
82452	1236818
82646	1374406
82840	796576
83034	1434029
83228	1528174
83422	921455
83616	1180523
83810	1104956
84004	919907
84198	1452719
84392	1735499
84586	1414204
84780	1592496
84974	1144274
85168	1334684
85362	1501475
85556	1024147
85750	1291746
85944	831029
86138	1717475
86332	1249003
86526	1265271
86720	1763022
86914	951215
87108	1812889
87302	1530158
87496	946802
87690	1575022
87884	1441770
88078	936578
88272	1644726
88466	1203791
88660	1644654
88854	1874319
89048	1143970
89242	1300390
89436	1042476
89630	1771628
89824	1419202
90018	1695050
90212	1608158
90406	902979
90600	1762557
90794	1810945
90988	1466317
91182	1723492
91376	1116045
91570	1374934
91764	1817946
91958	1703045
92152	1677404
92346	1199323
92540	1186841
92734	1725694
92928	1803247
93122	1386543
93316	1196384
93510	1627921
93704	1075179
93898	1362456
94092	1815462
94286	1239989
94480	1147588
94674	1021666
94868	1273772
95062	1819657
95256	1738838
95450	1574919
95644	1253695
95838	1923881
96032	1482795
96226	1627717
96420	1660974
96614	1961442
96808	1640768
97002	1898440
97196	1453574
97390	1580976
97584	1940589
97778	1893739
97972	1168152
98166	1499960
98360	1770759
98554	1112249
98748	1483005
98942	1744995
99136	1386233
99330	1614966
99524	1704573
99718	1532716
99912	1813878
100106	1515886
100300	1567060
100494	2146669
100688	2031098
100882	1700657
101076	1316492
101270	1159526
101464	1238198
101658	1825812
101852	1903120
102046	1775549
102240	1733228
102434	2087913
102628	1053486
102822	1526540
103016	1536503
103210	1991465
103404	1531661
103598	1631968
103792	1531916
103986	1127867
104180	2230123
104374	1396185
104568	1699942
104762	1668392
104956	1425141
105150	2125395
105344	1730990
105538	1193730
105732	1886340
105926	1628817
106120	1426926
106314	1387078
106508	1150982
106702	1519420
106896	2040907
107090	1628441
107284	1220244
107478	1987137
107672	2224056
107866	1326362
108060	1695145
108254	1998373
108448	1630379
108642	1333389
108836	2191911
109030	1847547
109224	1887897
109418	1490612
109612	1205514
109806	1833091
110000	2203016
110194	1702103
110388	2239678
110582	2390034
110776	1159959
110970	2235519
111164	1714241
111358	1885316
111552	1882725
111746	1978777
111940	1912507
112134	1615025
112328	2336987
112522	1888333
112716	2193302
112910	2485072
113104	1977337
113298	1010033
113492	1601650
113686	1295712
113880	1874844
114074	1748163
114268	1593991
114462	2018389
114656	1680832
114850	1801714
115044	2296834
115238	1765243
115432	1361792
115626	2039034
115820	2089270
116014	1875320
116208	1765810
116402	2101331
116596	2008718
116790	2583630
116984	2238727
117178	1821382
117372	1106213
117566	2057047
117760	1845195
117954	2409035
118148	2625297
118342	1269080
118536	1395369
118730	1910549
118924	1922008
119118	2434992
119312	1760625
119506	864257
119700	2659540
119894	1907926
120088	1850412
120282	2311160
120476	1423590
120670	1145414
120864	2422227
121058	1778778
121252	1282665
121446	2250895
121640	1879521
121834	1977815
122028	2691177
122222	1349708
122416	1280282
122610	2476057
122804	2216831
122998	1789045
123192	2308158
123386	2367595
123580	1109741
123774	1599412
123968	2532444
124162	2363900
124356	1219672
124550	2453609
124744	1519405
124938	2396960
125132	2753283
125326	1904891
125520	1724862
125714	2101496
125908	2138936
126102	2621003
126296	1508534
126490	1939663
126684	2711816
126878	2555723
127072	1290642
127266	2396383
127460	2584244
127654	2155846
127848	2346639
128042	2272707
128236	2100647
128430	2642270
128624	2631226
128818	1675248
129012	2779506
129206	2220022
129400	2536879
129594	2735641
129788	2019104
129982	1797006
130176	1086877
130370	2587907
130564	1754779
130758	2668110
130952	2559562
131146	1120146
131340	2598401
131534	2480952
131728	2123369
131922	2230377
132116	2547757
132310	1060547
132504	2007973
132698	1576082
132892	2104923
133086	2175077
133280	2777517
133474	2319151
133668	2667821
133862	1910681
134056	1337148
134250	2016116
134444	2491222
134638	2613187
134832	2227822
135026	1651533
135220	2011213
135414	2700602
135608	1267904
135802	2169804
135996	2349430
136190	2916649
136384	2331971
136578	1947068
136772	2455757
136966	837833
137160	1687001
137354	2336883
137548	1506233
137742	2018406
137936	2466294
138130	2352381
138324	3159349
138518	2714002
138712	2712266
138906	1725399
139100	2344882
139294	1559428
139488	2901961
139682	2440678
139876	2269001
140070	3029467
140264	2896432
140458	2833639
140652	2383396
140846	1242245
141040	2600963
141234	2552233
141428	2079478
141622	2769914
141816	1650372
142010	2362151
142204	2701284
142398	2995917
142592	3049748
142786	1991302
142980	3065562
143174	2572597
143368	2644209
143562	1521931
143756	2843571
143950	2343270
144144	2020335
144338	2706722
144532	2367875
144726	2569976
144920	2484961
145114	2958134
145308	3231731
145502	1875482
145696	2383683
145890	2780023
146084	2347468
146278	2908123
146472	1861508
146666	2861712
146860	2400394
147054	2747553
147248	2406137
147442	2170714
147636	2604508
147830	1465303
148024	2631090
148218	2930701
148412	3308688
148606	2642072
148800	2201017
148994	1604812
149188	2570510
149382	2682570
149576	1610693
149770	2566670
149964	2444125
150158	1972253
150352	1742755
150546	2889094
150740	2885832
150934	3095160
151128	2511905
151322	3344624
151516	867715
151710	3059992
151904	2826535
152098	2062627
152292	2709007
152486	2663069
152680	3086600
152874	2895102
153068	3408861
153262	1679283
153456	2638516
153650	1179174
153844	2898089
154038	2049403
154232	2262509
154426	1288890
154620	3403247
154814	2308622
155008	3002291
155202	2292834
155396	3094326
155590	2168103
155784	3355364
155978	2758027
156172	2721928
156366	2910919
156560	3041069
156754	2630282
156948	3233466
157142	3388048
157336	1769565
157530	3194619
157724	2627608
157918	3194543
158112	2914605
158306	1988788
158500	1881193
158694	2694763
158888	3327204
159082	2947642
159276	2331828
159470	3538469
159664	2642522
159858	2643701
160052	3233838
160246	2820080
160440	2895071
160634	2859501
160828	2991860
161022	3485190
161216	2636355
161410	2974981
161604	1781321
161798	2440392
161992	2345466
162186	2330595
162380	3093908
162574	2609958
162768	3309976
162962	3297438
163156	2075741
163350	2932394
163544	3417981
163738	1951885
163932	3212188
164126	1583165
164320	3371603
164514	3527784
164708	3299267
164902	2808404
165096	2144381
165290	3040000
165484	3125231
165678	2586694
165872	2767362
166066	3027655
166260	3765144
166454	1841249
166648	2053492
166842	2519042
167036	2830050
167230	2181801
167424	3477436
167618	2984060
167812	1969319
168006	2616812
168200	3048935
168394	3402952
168588	3550570
168782	1886014
168976	2245290
169170	2821035
169364	2637232
169558	3401023
169752	3668899
169946	2547362
170140	2962694
170334	3544373
170528	2477421
170722	3357483
170916	3499130
171110	3149207
171304	2930143
171498	3357243
171692	2887680
171886	2611767
172080	3470175
172274	3216564
172468	3482653
172662	3521197
172856	2528483
173050	3228325
173244	3744943
173438	3581274
173632	2980940
173826	2261306
174020	3841122
174214	2039819
174408	3587787
174602	2968123
174796	2524295
174990	4021233
175184	3255075
175378	2292683
175572	2970583
175766	2816468
175960	2017514
176154	3891871
176348	3915496
176542	3320291
176736	2698215
176930	3407064
177124	2200100
177318	2609101
177512	3704599
177706	2829813
177900	3188784
178094	3930019
178288	3522650
178482	875984
178676	2128440
178870	2625608
179064	3007554
179258	2729384
179452	2097268
179646	1569086
179840	3823643
180034	3382783
180228	3193377
180422	3248509
180616	2821078
180810	3586036
181004	4125414
181198	3422475
181392	3012601
181586	2951624
181780	2762234
181974	2472073
182168	3890481
182362	879871
182556	3404878
182750	3430601
182944	3645676
183138	3365261
183332	2282987
183526	3323280
183720	3071908
183914	2852060
184108	3112172
184302	3484762
184496	3834577
184690	2845845
184884	3224471
185078	3721790
185272	3795772
185466	2160879
185660	2480383
185854	2616781
186048	3481928
186242	3214894
186436	2664942
186630	4114836
186824	2579401
187018	1806513
187212	4264857
187406	2197846
187600	3821600
187794	3095961
187988	4252975
188182	2404690
188376	2405043
188570	3742522
188764	3033490
188958	4250179
189152	3535559
189346	2364229
189540	4037029
189734	4115526
189928	3154740
190122	3496801
190316	3193171
190510	2098685
190704	4191050
190898	3436381
191092	3636313
191286	2620075
191480	2363784
191674	2615348
191868	3845522
192062	3669632
192256	2707923
192450	3460591
192644	3250517
192838	2997001
193032	3945478
193226	3175099
193420	3981225
193614	3067195
193808	3311380
194002	4011970
194196	3963515
194390	2984905
194584	2746773
194778	3638344
194972	3719264
195166	3019692
195360	4122289
195554	3239214
195748	3280453
195942	3632826
196136	4123523
196330	3359391
196524	4461932
196718	4599657
196912	2221390
197106	3369216
197300	4544076
197494	3871129
197688	2476100
197882	2543758
198076	2799410
198270	3366890
198464	3819277
198658	3721045
198852	4555905
199046	3363843
199240	4032049
199434	3548969
199628	3737798
199822	3437333
200016	2783926
200210	2904372
200404	2898167
200598	4459739
200792	3109235
200986	3317940
201180	3687771
201374	3012332
201568	3749122
201762	1777344
201956	3564491
202150	2748697
202344	4367384
202538	2214575
202732	3999798
202926	3713534
203120	2862305
203314	1994304
203508	3624230
203702	3220388
203896	3028647
204090	3202086
204284	3396179
204478	2989410
204672	4229345
204866	4018898
205060	3631235
205254	4626133
205448	4129307
205642	2207969
205836	2935557
206030	4141196
206224	3418897
206418	3545174
206612	2444010
206806	2557897
207000	4333226
207194	3677502
207388	3328687
207582	3517068
207776	3768638
207970	4000328
208164	3626971
208358	4396190
208552	3448737
208746	3986854
208940	4101906
209134	3568652
209328	4482133
209522	3833735
209716	974164
209910	3663083
210104	3649030
210298	3875376
210492	4446166
210686	3587783
210880	3808316
211074	4652286
211268	4195383
211462	4259998
211656	3306510
211850	4239628
212044	2829392
212238	3922451
212432	3520998
212626	3186173
212820	3309209
213014	3537610
213208	4468867
213402	3755524
213596	4272562
213790	4361075
213984	3096747
214178	4284158
214372	4370763
214566	2438387
214760	4123997
214954	3862719
215148	4597176
215342	4202054
215536	3190110
215730	3029299
215924	5035065
216118	3261701
216312	4568859
216506	3106562
216700	3029349
216894	4160184
217088	4048677
217282	2834938
217476	4539609
217670	4257021
217864	4484520
218058	4183801
218252	3372767
218446	3143551
218640	4662131
218834	4395044
219028	3817854
219222	3211107
219416	3880005
219610	3422932
219804	4191892
219998	4145313
220192	4185300
220386	4192277
220580	4993006
220774	3126830
220968	4655545
221162	3545460
221356	3994234
221550	5204827
221744	2903535
221938	4231648
222132	3211583
222326	3840043
222520	4224401
222714	4789035
222908	4869435
223102	3692511
223296	3088607
223490	3849751
223684	3032058
223878	4706165
224072	4455554
224266	2312343
224460	3728872
224654	3730981
224848	2965572
225042	5047905
225236	4200933
225430	4353292
225624	4014456
225818	2736393
226012	4172623
226206	3240596
226400	4217895
226594	3255457
226788	4231754
226982	5165759
227176	2862957
227370	4612360
227564	3631408
227758	3791700
227952	5027097
228146	3097283
228340	4586110
228534	3261020
228728	2006377
228922	2797951
229116	4338046
229310	4802518
229504	3595687
229698	4658967
229892	4613279
230086	2675664
230280	4107443
230474	3665499
230668	3928627
230862	5519586
231056	3104131
231250	3318043
231444	5207166
231638	4481824
231832	3282731
232026	2866633
232220	4433807
232414	3938420
232608	4961985
232802	3721338
232996	3638949
233190	2199468
233384	5077320
233578	2813354
233772	3790769
233966	2606980
234160	3956101
234354	4585535
234548	4891532
234742	4022573
234936	3388048
235130	4693275
235324	3696622
235518	5099034
235712	2614314
235906	3934991
236100	4611775
236294	4789814
236488	3914170
236682	5063087
236876	4692499
237070	3683902
237264	4968240
237458	5125255
237652	4334663
237846	3575360
238040	5320053
238234	5111359
238428	5148488
238622	4646982
238816	2843310
239010	3118873
239204	3182468
239398	4453313
239592	3644970
239786	1903659
239980	4558166
240174	5977102
240368	4699054
240562	4622499
240756	4451986
240950	5076184
241144	4649037
241338	4965102
241532	3316667
241726	3085628
241920	5071756
242114	4871412
242308	1391741
242502	5248148
242696	5225471
242890	4248005
243084	3605093
243278	3560737
243472	4587095
243666	4944002
243860	4809331
244054	4482413
244248	5305387
244442	4083537
244636	4318448
244830	3740355
245024	5533260
245218	4161717
245412	5585804
245606	4263596
245800	2277582
245994	4871437
246188	5584841
246382	4565454
246576	3957086
246770	5277306
246964	3973967
247158	4778258
247352	4678014
247546	4190327
247740	5580472
247934	4922281
248128	3184537
248322	5153433
248516	4104426
248710	5365019
248904	5463830
249098	5522979
249292	4172044
249486	2904303
249680	4289633
249874	3562646
250068	5273209
250262	4685114
250456	3854599
250650	4523017
250844	5346700
251038	5186706
251232	3699349
251426	3124183
251620	4996375
251814	4983597
252008	3819245
252202	5355394
252396	3139020
252590	5932803
252784	4762793
252978	4661396
253172	4664808
253366	2320379
253560	5247716
253754	5277880
253948	4690212
254142	5876457
254336	5551040
254530	4358317
254724	4127766
254918	4283393
255112	5290722
255306	5253544
255500	5787322
255694	5109444
255888	5529554
256082	4431923
256276	3092733
256470	6154527
256664	5606581
256858	4104139
257052	4141465
257246	4783313
257440	2895082
257634	4456245
257828	3338951
258022	4714022
258216	3567581
258410	4698054
258604	3954971
258798	2996993
258992	5825010
259186	4233806
259380	6109331
259574	4963315
259768	4722051
259962	5327290
260156	4368476
260350	5508161
260544	5727489
260738	4934143
260932	5137143
261126	3591479
261320	5830137
261514	3685098
261708	6016065
261902	4898806
262096	3931680
262290	4714696
262484	1757974
262678	4881265
262872	4796338
263066	5264597
263260	5058111
263454	4529146
263648	5184863
263842	4694459
264036	4895832
264230	3995735
264424	4622321
264618	5439764
264812	5210511
265006	2163749
265200	5699320
265394	4708753
265588	4988807
265782	5970786
265976	5685479
266170	2780352
266364	4085908
266558	5286141
266752	4416305
266946	4471005
267140	6194289
267334	2058137
267528	5758082
267722	4590869
267916	3331287
268110	3005841
268304	4804651
268498	4350791
268692	5322050
268886	4627647
269080	3487144
269274	5985020
269468	4137163
269662	3677313
269856	3594298
270050	4926986
270244	4000276
270438	6203486
270632	5162309
270826	3667091
271020	4774196
271214	4725689
271408	5875416
271602	5070212
271796	5190449
271990	4570182
272184	5989765
272378	4359701
272572	2357919
272766	3968700
272960	2670519
273154	4653810
273348	4084395
273542	3238215
273736	3076383
273930	6054777
274124	6457885
274318	5183595
274512	4983935
274706	5423901
274900	4926410
275094	4963338
275288	3946496
275482	4134639
275676	5951609
275870	3809624
276064	4086143
276258	6068811
276452	3056447
276646	5274807
276840	5680828
277034	3880888
277228	5772886
277422	6413620
277616	4133371
277810	5454986
278004	4427676
278198	4980875
278392	5508218
278586	5603744
278780	5916336
278974	4304052
279168	5070632
279362	4525876
279556	5090347
279750	5440977
279944	4918058
280138	4643160
280332	5688559
280526	4357654
280720	3558583
280914	5595911
281108	3007687
281302	4586682
281496	5177898
281690	5509318
281884	2862475
282078	6183490
282272	5717162
282466	4557976
282660	4393239
282854	4954549
283048	6018341
283242	5058648
283436	6041399
283630	4830088
283824	4482536
284018	5901925
284212	5420656
284406	4723100
284600	3562791
284794	4839257
284988	4477657
285182	4801846
285376	3694533
285570	4530253
285764	6943384
285958	3138094
286152	5272054
286346	5805233
286540	4108430
286734	6701194
286928	4073464
287122	5969519
287316	3940184
287510	4719964
287704	5097710
287898	3446527
288092	5780896
288286	5513615
288480	6053255
288674	4712059
288868	4134484
289062	6338267
289256	3795019
289450	5232180
289644	6715798
289838	5948181
290032	5716211
290226	4164244
290420	6645631
290614	4218902
290808	5555618
291002	4171848
291196	5374446
291390	6429155
291584	5681416
291778	5235089
291972	6185856
292166	5829786
292360	6286906
292554	5123980
292748	3457029
292942	5607763
293136	5449635
293330	6079330
293524	5383951
293718	7031366
293912	4740981
294106	4376825
294300	5609028
294494	5793906
294688	3573578
294882	4866630
295076	3678206
295270	3557089
295464	5720450
295658	4911496
295852	4693789
296046	5684857
296240	5727311
296434	6230493
296628	6999865
296822	6054087
297016	5052317
297210	4780326
297404	7032948
297598	5544497
297792	5051541
297986	4828449
298180	3673946
298374	7035856
298568	6744003
298762	5913244
298956	6535538
299150	5982739
299344	4895775
299538	6056389
299732	7122278
299926	2917216
300120	6640456
300314	4670396
300508	6069647
300702	5046808
300896	5617762
301090	6555888
301284	5051545
301478	7015402
301672	5437054
301866	6224825
302060	5676350
302254	4444939
302448	5322759
302642	4385409
302836	3750209
303030	7210878
303224	5553828
303418	5440513
303612	4056968
303806	6025373
304000	6515968
304194	6438661
304388	6031371
304582	6443781
304776	5136352
304970	4931641
305164	5414246
305358	5570394
305552	6016402
305746	3025080
305940	4721289
306134	6666740
306328	5468675
306522	6477252
306716	6450931
306910	5583752
307104	7381421
307298	3879169
307492	6224205
307686	5173172
307880	5407382
308074	5511108
308268	5785620
308462	4915550
308656	5276541
308850	6471900
309044	5220725
309238	6401742
309432	6521266
309626	6058338
309820	5123277
310014	6021206
310208	7120686
310402	3607275
310596	6015308
310790	6616830
310984	6090023
311178	6137878
311372	7409626
311566	6165557
311760	6259814
311954	5819481
312148	4270869
312342	5270939
312536	6851632
312730	6625499
312924	6667919
313118	4928870
313312	3602318
313506	6523574
313700	6717871
313894	6602523
314088	6883189
314282	5877874
314476	5384427
314670	6932739
314864	4948779
315058	6779678
315252	7444766
315446	4666435
315640	5686208
315834	6295003
316028	4780238
316222	5343652
316416	6286059
316610	4513036
316804	6268776
316998	6960928
317192	4655708
317386	3829905
317580	5618911
317774	6759705
317968	5108615
318162	7158768
318356	5714685
318550	4493302
318744	7223639
318938	2681172
319132	4634110
319326	4006667
319520	7182116
319714	5258037
319908	5919716
320102	6950395
320296	5767402
320490	4623093
320684	5808210
320878	4913860
321072	5609518
321266	4442755
321460	6597696
321654	6130973
321848	7248435
322042	6998784
322236	4891043
322430	7651367
322624	4961047
322818	6428080
323012	6446668
323206	4205368
323400	6925888
323594	3078972
323788	3923362
323982	6036402
324176	6981701
324370	5739365
324564	5997211
324758	8105107
324952	4466419
325146	6837833
325340	6700728
325534	5049988
325728	6528442
325922	5939455
326116	6022425
326310	7730422
326504	4261011
326698	3742258
326892	6403868
327086	4429681
327280	5262611
327474	7370196
327668	7926635
327862	6831308
328056	4066872
328250	5750917
328444	4773460
328638	6427256
328832	5798627
329026	4056467
329220	7501046
329414	6599325
329608	5612641
329802	7399112
329996	4623299
330190	7043517
330384	7469974
330578	5638713
330772	3921617
330966	5135229
331160	7498926
331354	6480227
331548	8097315
331742	3708844
331936	4945198
332130	4882675
332324	6780769
332518	5533927
332712	7237575
332906	6527224
333100	3489636
333294	3515246
333488	3486172
333682	7193564
333876	5266283
334070	7966301
334264	5952546
334458	6053737
334652	8065297
334846	4521233
335040	7029830
335234	5573025
335428	4918344
335622	5935514
335816	4550799
336010	6087100
336204	7556663
336398	8059399
336592	5476185
336786	4779630
336980	7011333
337174	5056871
337368	7768345
337562	7395777
337756	2977641
337950	7977835
338144	4305597
338338	4125183
338532	7885225
338726	5279896
338920	6791329
339114	5812401
339308	4270547
339502	7325697
339696	6661262
339890	7349721
340084	4809778
340278	7592363
340472	6377650
340666	4942063
340860	8409795
341054	7273274
341248	7341312
341442	7119581
341636	5409258
341830	3914059
342024	4236395
342218	7042581
342412	6707999
342606	6424363
342800	6951981
342994	6120490
343188	7264521
343382	6964784
343576	5756585
343770	6794103
343964	8377611
344158	5951080
344352	6528132
344546	7142582
344740	6677797
344934	6743302
345128	7794976
345322	3468117
345516	5126708
345710	5376434
345904	7682064
346098	7364668
346292	6197102
346486	7023234
346680	5057910
346874	6848508
347068	5263405
347262	5611718
347456	7776766
347650	7385312
347844	7304998
348038	4972809
348232	4499888
348426	3072223
348620	7342568
348814	6650228
349008	7866036
349202	6339811
349396	5721303
349590	8309553
349784	7142037
349978	5802206
350172	7844072
350366	7036100
350560	4822761
350754	6266203
350948	8437594
351142	3830685
351336	5414544
351530	7653683
351724	6107655
351918	5332388
352112	8163872
352306	6434163
352500	5679364
352694	7652202
352888	3084371
353082	6873132
353276	5899357
353470	7297495
353664	8330870
353858	6714492
354052	6007234
354246	6595436
354440	8142592
354634	6717849
354828	7219543
355022	7115290
355216	4154529
355410	7327694
355604	7863142
355798	5399389
355992	7959824
356186	7338491
356380	7175260
356574	6465753
356768	6614982
356962	6110495
357156	4974834
357350	8388879
357544	7029573
357738	7226101
357932	7227536
358126	5695967
358320	4500392
358514	5546385
358708	7199320
358902	8495204
359096	4224513
359290	6249704
359484	8577874
359678	4751614
359872	7419252
360066	4421671
360260	5904251
360454	7320486
360648	6520773
360842	6029690
361036	3534431
361230	8324893
361424	5041921
361618	8062978
361812	6720154
362006	7282566
362200	5657273
362394	8596865
362588	4591569
362782	6157244
362976	7709556
363170	7216523
363364	5766606
363558	8742946
363752	8491163
363946	6241728
364140	7050615
364334	8680664
364528	7059863
364722	7849199
364916	7126604
365110	6806558
365304	8245331
