2	1
4	4
6	10
8	12
10	22
12	37
14	47
16	30
18	53
20	80
22	50
24	78
26	108
28	117
30	152
32	73
34	115
36	130
38	201
40	149
42	208
44	172
46	147
48	224
50	222
52	155
54	340
56	253
58	253
60	408
62	405
64	162
66	251
68	454
70	307
72	375
74	239
76	330
78	400
80	495
82	491
84	577
86	259
88	457
90	320
92	325
94	295
96	514
98	612
100	498
102	748
104	699
106	372
108	793
110	647
112	614
114	605
116	632
118	441
120	547
122	892
124	564
126	949
128	364
130	540
132	1086
134	592
136	693
138	975
140	1125
142	846
144	900
146	789
148	825
150	1242
152	618
154	686
156	685
158	951
160	983
162	905
164	1454
166	720
168	1223
170	1429
172	786
174	1548
176	1144
178	1207
180	1572
182	1537
184	1290
186	1088
188	1042
190	755
192	1359
194	1530
196	725
198	1780
200	1535
202	1398
204	1479
206	1009
208	1259
210	1690
212	1933
214	1426
216	1103
218	878
220	901
222	1049
224	1291
226	1293
228	2182
230	1699
232	1201
234	1259
236	1547
238	1733
240	1830
242	1227
244	2045
246	1733
248	1451
250	1751
252	1673
254	1918
256	782
258	1144
260	1506
262	1725
264	2086
266	1769
268	1200
270	2520
272	2205
274	1006
276	1255
278	2273
280	1395
282	1928
284	2229
286	1601
288	1943
290	2346
292	1838
294	2871
296	2516
298	2063
300	2256
302	1638
304	2396
306	2054
308	2322
310	2391
312	2457
314	2742
316	1135
318	2924
320	2736
322	2470
324	2268
326	2104
328	1941
330	2278
332	1821
334	1851
336	2627
338	1604
340	1777
342	1169
344	2850
346	1992
348	3411
350	3593
352	1804
354	2696
356	2657
358	1715
360	3026
362	3505
364	2846
366	2026
368	3193
370	2127
372	3250
374	3632
376	2800
378	2629
380	4044
382	1420
384	3190
386	2385
388	2233
390	4080
392	2800
394	3346
396	3312
398	2501
400	1776
402	4025
404	2742
406	2920
408	3372
410	3712
412	2948
414	3692
416	3841
418	3529
420	4496
422	4214
424	3446
426	2335
428	2911
430	2822
432	2585
434	3263
436	2312
438	3750
440	3060
442	2499
444	4466
446	2545
448	3852
450	4392
452	2139
454	2328
456	1700
458	3468
460	2937
462	5022
464	4459
466	2080
468	5150
470	3209
472	3019
474	3299
476	3804
478	3720
480	4085
482	2825
484	3115
486	2849
488	4735
490	4479
492	5226
494	3151
496	2865
498	3563
500	4186
502	4342
504	4719
506	3933
508	4410
510	5786
512	1676
514	2397
516	4422
518	4669
520	4675
522	5114
524	5793
526	3249
528	3212
530	4869
532	4502
534	3665
536	4982
538	4891
540	4691
542	5941
544	4915
546	3298
548	5665
550	3817
552	4588
554	3278
556	3215
558	6174
560	4067
562	3207
564	6382
566	3109
568	3294
570	5622
572	4360
574	4786
576	4744
578	4690
580	4581
582	5336
584	5577
586	2206
588	6539
590	4426
592	5241
594	5144
596	2844
598	4973
600	5519
602	3022
604	4130
606	5315
608	6047
610	4303
612	5769
614	7155
616	2892
618	5257
620	7134
622	5041
624	3391
626	6545
628	4886
630	4149
632	3897
634	6294
636	3207
638	4245
640	5431
642	4474
644	5581
646	3320
648	6794
650	6136
652	3219
654	7381
656	6706
658	2908
660	7570
662	7593
664	3191
666	3582
668	6521
670	4448
672	4436
674	4341
676	5295
678	7563
680	4293
682	6646
684	3428
686	4836
688	4852
690	6112
692	6556
694	3701
696	6499
698	4000
700	4384
702	8026
704	3981
706	5131
708	6771
710	7953
712	5171
714	4868
716	4574
718	6489
720	6851
722	4435
724	3614
726	5803
728	6147
730	7974
732	4653
734	6971
736	5085
738	7445
740	7211
742	4260
744	7486
746	6012
748	6206
750	7659
752	8309
754	4932
756	4840
758	9022
760	5721
762	8907
764	4222
766	3431
768	7226
770	7406
772	3307
774	9407
776	3655
778	4381
780	7009
782	5532
784	6603
786	5134
788	8621
790	7375
792	5651
794	5327
796	5145
798	9687
800	7506
802	5132
804	6154
806	6077
808	7877
810	8480
812	8327
814	7160
816	7351
818	6946
820	3054
822	9404
824	8814
826	3809
828	9691
830	9726
832	6109
834	6893
836	7309
838	5847
840	8272
842	9500
844	5831
846	7292
848	8121
850	6422
852	9031
854	10294
856	4794
858	8876
860	10294
862	5604
864	8552
866	7480
868	7072
870	8960
872	6719
874	5538
876	8246
878	10492
880	8583
882	5892
884	10448
886	7179
888	9225
890	4124
892	8010
894	8772
896	9602
898	7207
900	7631
902	6824
904	5107
906	8127
908	11037
910	8692
912	6892
914	9047
916	6341
918	9583
920	8314
922	7287
924	9363
926	7509
928	7169
930	10189
932	7202
934	8784
936	5476
938	7469
940	8502
942	11642
944	9071
946	4777
948	10927
950	5334
952	9012
954	6725
956	9140
958	8108
960	8313
962	8153
964	9213
966	7492
968	10832
970	6833
972	8304
974	8124
976	6063
978	10286
980	7412
982	5663
984	10438
986	9190
988	7791
990	8892
992	10950
994	5509
996	10342
998	9603
1000	5620
1002	6588
1004	9363
1006	8405
1008	10826
1010	10509
1012	5723
1014	8076
1016	7370
1018	6652
1020	13153
1022	10413
1024	3536
1026	4992
1028	8913
1030	9394
1032	11096
1034	10220
1036	7612
1038	8116
1040	11631
1042	10374
1044	11058
1046	9179
1048	10911
1050	10626
1052	10695
1054	7451
1056	11147
1058	4407
1060	7838
1062	13067
1064	11483
1066	8489
1068	9914
1070	11572
1072	5290
1074	9463
1076	8341
1078	10345
1080	10531
1082	10441
1084	10839
1086	6625
1088	12020
1090	10316
1092	13696
1094	10753
1096	6109
1098	10608
1100	9061
1102	11083
1104	6039
1106	5397
1108	8373
1110	13950
1112	8182
1114	9567
1116	9273
1118	13178
1120	10929
1122	11848
1124	13861
1126	10139
1128	10022
1130	11480
1132	8286
1134	11910
1136	12664
1138	12338
1140	10845
1142	10314
1144	6299
1146	8063
1148	10504
1150	11275
1152	11839
1154	11856
1156	7193
1158	9223
1160	10251
1162	8943
1164	10175
1166	8901
1168	12465
1170	11297
1172	14742
1174	8471
1176	10809
1178	12164
1180	11857
1182	11399
1184	9799
1186	10332
1188	15361
1190	9994
1192	7261
1194	12173
1196	12042
1198	5341
1200	10340
1202	10831
1204	11448
1206	6014
1208	11441
1210	8043
1212	13451
1214	15730
1216	11672
1218	10662
1220	12669
1222	10266
1224	13415
1226	12839
1228	11585
1230	15464
1232	14317
1234	10549
1236	6990
1238	15604
1240	10628
1242	8834
1244	10292
1246	10843
1248	6605
1250	10991
1252	10433
1254	13328
1256	9306
1258	13464
1260	17275
1262	7980
1264	13512
1266	10841
1268	11442
1270	13484
1272	5813
1274	11646
1276	7064
1278	16857
1280	14692
1282	8661
1284	15530
1286	5512
1288	8448
1290	11547
1292	16804
1294	9188
1296	7565
1298	15392
1300	9418
1302	16403
1304	14765
1306	8769
1308	16220
1310	9764
1312	11468
1314	13454
1316	13869
1318	10370
1320	13530
1322	9085
1324	9419
1326	12364
1328	12583
1330	14282
1332	16519
1334	9352
1336	7898
1338	12274
1340	11858
1342	13326
1344	13205
1346	13026
1348	12877
1350	14496
1352	10323
1354	6354
1356	14497
1358	14584
1360	7341
1362	15197
1364	16033
1366	5137
1368	15305
1370	17553
1372	9995
1374	16967
1376	9943
1378	11629
1380	15879
1382	17183
1384	15394
1386	10665
1388	6166
1390	14869
1392	14913
1394	11156
1396	8273
1398	9546
1400	12503
1402	15151
1404	15444
1406	11117
1408	9751
1410	16831
1412	14612
1414	11205
1416	12731
1418	8445
1420	10106
1422	10129
1424	13614
1426	11932
1428	17975
1430	10682
1432	13904
1434	12406
1436	9222
1438	14504
1440	16277
1442	11783
1444	8406
1446	11891
1448	16878
1450	9682
1452	18591
1454	19244
1456	8919
1458	11675
1460	15493
1462	15928
1464	11013
1466	14349
1468	13571
1470	10897
1472	14708
1474	16267
1476	16112
1478	13295
1480	9555
1482	15492
1484	18723
1486	11536
1488	17251
1490	17552
1492	12840
1494	20368
1496	12166
1498	13136
1500	19750
1502	14287
1504	16216
1506	10292
1508	15410
1510	15895
1512	16659
1514	11011
1516	11987
1518	12842
1520	11510
1522	12724
1524	20102
1526	10278
1528	17227
1530	18224
1532	20386
1534	6378
1536	13021
1538	14945
1540	9493
1542	10867
1544	18398
1546	13782
1548	7747
1550	20748
1552	14473
1554	13658
1556	15110
1558	16130
1560	16200
1562	11871
1564	15177
1566	13889
1568	17636
1570	17361
1572	19660
1574	17963
1576	9884
1578	18610
1580	17217
1582	9362
1584	18082
1586	15728
1588	16848
1590	18219
1592	14949
1594	16517
1596	12745
1598	16236
1600	10641
1602	16909
1604	15006
1606	14819
1608	19096
1610	13979
1612	16919
1614	10580
1616	10989
1618	13713
1620	21293
1622	20856
1624	18454
1626	15254
1628	17578
1630	15062
1632	12035
1634	16224
1636	9559
1638	21594
1640	19892
1642	17981
1644	15759
1646	15129
1648	13713
1650	10276
1652	12014
1654	14696
1656	10788
1658	12469
1660	11316
1662	8842
1664	20280
1666	9682
1668	21116
1670	22132
1672	17998
1674	15846
1676	17290
1678	12215
1680	12685
1682	20275
1684	12242
1686	11719
1688	8376
1690	18974
1692	15234
1694	22846
1696	9093
1698	20108
1700	19751
1702	13680
1704	20009
1706	7729
1708	16829
1710	15822
1712	20681
1714	13383
1716	18727
1718	15150
1720	17461
1722	16792
1724	18789
1726	14642
1728	16180
1730	9905
1732	14504
1734	22780
1736	20168
1738	13378
1740	19514
1742	24166
1744	16310
1746	17989
1748	24743
1750	16364
1752	17153
1754	14701
1756	9127
1758	15018
1760	21119
1762	19552
1764	15169
1766	13145
1768	13138
1770	18427
1772	17720
1774	18791
1776	14872
1778	12832
1780	15052
1782	15735
1784	22893
1786	8632
1788	22969
1790	19815
1792	15839
1794	21156
1796	19671
1798	19354
1800	11094
1802	9245
1804	10754
1806	20438
1808	17571
1810	15246
1812	18227
1814	17389
1816	16039
1818	19426
1820	19994
1822	19817
1824	22087
1826	15164
1828	13249
1830	17822
1832	17005
1834	17825
1836	21766
1838	22050
1840	20430
1842	19268
1844	14731
1846	11201
1848	21490
1850	20835
1852	15916
1854	13254
1856	15639
1858	21192
1860	20580
1862	24671
1864	19081
1866	19753
1868	26003
1870	11739
1872	22878
1874	22994
1876	20026
1878	25623
1880	22658
1882	14060
1884	22093
1886	13700
1888	12807
1890	20982
1892	12862
1894	13602
1896	21798
1898	15984
1900	18696
1902	25944
1904	23158
1906	9765
1908	26266
1910	21625
1912	13242
1914	18060
1916	20884
1918	20159
1920	22007
1922	12592
1924	13076
1926	12720
1928	21137
1930	17507
1932	25321
1934	21149
1936	12856
1938	20382
1940	18837
1942	21834
1944	23021
1946	19790
1948	19012
1950	25866
1952	24217
1954	10387
1956	14751
1958	19374
1960	22311
1962	21467
1964	12697
1966	19161
1968	18005
1970	22313
1972	8858
1974	25740
1976	23707
1978	23157
1980	26393
1982	19047
1984	22828
1986	12344
1988	27199
1990	9839
1992	16766
1994	23892
1996	10956
1998	26822
2000	21357
2002	19295
2004	19765
2006	19867
2008	17148
2010	20992
2012	20963
2014	13527
2016	13226
2018	21063
2020	12809
2022	20375
2024	21009
2026	20701
2028	27187
2030	27275
2032	23672
2034	24212
2036	17874
2038	12820
2040	24703
2042	17208
2044	23224
2046	18891
2048	7439
2050	10355
2052	25386
2054	28047
2056	14645
2058	20110
2060	17457
2062	17181
2064	25939
2066	20202
2068	18202
2070	27722
2072	11943
2074	19395
2076	26406
2078	21123
2080	14275
2082	25622
2084	28969
2086	20039
2088	26663
2090	11068
2092	12277
2094	16940
2096	25029
2098	16581
2100	29408
2102	18364
2104	23692
2106	22007
2108	12565
2110	12069
2112	25071
2114	13498
2116	18739
2118	20538
2120	20826
2122	20263
2124	22157
2126	17777
2128	25272
2130	23596
2132	29576
2134	18422
2136	14462
2138	25038
2140	16002
2142	29505
2144	13603
2146	13797
2148	19194
2150	16703
2152	23066
2154	27020
2156	17336
2158	23738
2160	14242
2162	25487
2164	15611
2166	15438
2168	26637
2170	10932
2172	26139
2174	20678
2176	17180
2178	22138
2180	24512
2182	20195
2184	26385
2186	20363
2188	27295
2190	27350
2192	19017
2194	14257
2196	19718
2198	29006
2200	20238
2202	12607
2204	24725
2206	15156
2208	28629
2210	28386
2212	22482
2214	30416
2216	26869
2218	21041
2220	26358
2222	32119
2224	12588
2226	19808
2228	23773
2230	24839
2232	24471
2234	23861
2236	18463
2238	32690
2240	27709
2242	22990
2244	33128
2246	20955
2248	22565
2250	24275
2252	25540
2254	25669
2256	10601
2258	20183
2260	18000
2262	15749
2264	13909
2266	14755
2268	31296
2270	29795
2272	26355
2274	24097
2276	14273
2278	20545
2280	22854
2282	20467
2284	24663
2286	16922
2288	22708
2290	13105
2292	29949
2294	32623
2296	14806
2298	29059
2300	28357
2302	22631
2304	24153
2306	24277
2308	22435
2310	32299
2312	28081
2314	13101
2316	28229
2318	12495
2320	28227
2322	22038
2324	28778
2326	10841
2328	27307
2330	20021
2332	13266
2334	32241
2336	29043
2338	20677
2340	32550
2342	26951
2344	16522
2346	18463
2348	27319
2350	25212
2352	14589
2354	20110
2356	15403
2358	32775
2360	11244
2362	26387
2364	26621
2366	18209
2368	26496
2370	26943
2372	33927
2374	16896
2376	25855
2378	31395
2380	15998
2382	24962
2384	25431
2386	18775
2388	12416
2390	32842
2392	28685
2394	26976
2396	26060
2398	21901
2400	31161
2402	28455
2404	19686
2406	14157
2408	29627
2410	17733
2412	26978
2414	19888
2416	18417
2418	31636
2420	28558
2422	27789
2424	31044
2426	20371
2428	24345
2430	30278
2432	18799
2434	23719
2436	30623
2438	35033
2440	21923
2442	23506
2444	24525
2446	23816
2448	30533
2450	21539
2452	20153
2454	24490
2456	32028
2458	12729
2460	34295
2462	29587
2464	30094
2466	16040
2468	34314
2470	29294
2472	22558
2474	28190
2476	15087
2478	33826
2480	27144
2482	30227
2484	28535
2486	23956
2488	29830
2490	31350
2492	30443
2494	21628
2496	23789
2498	32261
2500	21048
2502	16972
2504	32231
2506	24326
2508	26078
2510	19416
2512	22481
2514	25886
2516	27826
2518	28389
2520	25224
2522	29086
2524	29736
2526	19512
2528	25418
2530	21219
2532	36292
2534	25109
2536	21437
2538	26669
2540	34376
2542	24153
2544	32194
2546	28060
2548	23010
2550	36676
2552	33919
2554	27196
2556	13806
2558	34652
2560	30173
2562	29008
2564	24930
2566	14238
2568	20756
2570	22716
2572	27806
2574	28053
2576	30469
2578	31004
2580	35473
2582	25595
2584	16998
2586	26268
2588	25665
2590	29749
2592	32092
2594	18578
2596	22708
2598	32575
2600	26061
2602	24282
2604	28960
2606	25804
2608	26927
2610	34663
2612	27139
2614	20351
2616	30244
2618	32680
2620	20620
2622	40169
2624	26162
2626	24056
2628	31421
2630	31585
2632	30945
2634	35205
2636	15590
2638	30271
2640	18876
2642	26882
2644	19863
2646	29801
2648	33345
2650	33565
2652	20454
2654	28099
2656	24942
2658	22926
2660	36749
2662	30465
2664	35443
2666	18092
2668	14793
2670	20142
2672	28189
2674	29181
2676	32797
2678	38712
2680	26809
2682	30419
2684	37714
2686	28674
2688	19117
2690	25673
2692	22352
2694	37865
2696	26429
2698	22606
2700	38907
2702	15536
2704	20913
2706	31164
2708	38575
2710	16184
2712	32615
2714	38218
2716	24450
2718	23132
2720	38784
2722	33383
2724	35072
2726	23630
2728	32173
2730	38259
2732	14613
2734	23291
2736	31613
2738	24722
2740	28052
2742	37893
2744	27525
2746	18883
2748	30204
2750	34261
2752	28950
2754	35704
2756	25617
2758	26720
2760	18172
2762	18000
2764	21808
2766	22492
2768	29182
2770	28501
2772	31151
2774	36255
2776	23248
2778	36357
2780	22706
2782	25287
2784	22596
2786	29663
2788	31135
2790	38551
2792	31598
2794	21340
2796	20003
2798	40406
2800	32297
2802	35861
2804	40024
2806	16279
2808	32334
2810	39044
2812	25291
2814	28590
2816	35374
2818	24746
2820	39891
2822	18811
2824	35099
2826	22510
2828	20237
2830	26235
2832	36353
2834	22718
2836	19541
2838	40254
2840	33119
2842	34706
2844	41215
2846	27694
2848	16233
2850	24964
2852	40635
2854	31632
2856	25686
2858	21988
2860	20107
2862	39665
2864	26805
2866	28745
2868	36530
2870	21577
2872	28004
2874	27239
2876	33157
2878	25298
2880	35521
2882	29850
2884	27553
2886	24465
2888	40690
2890	32448
2892	36571
2894	36319
2896	22343
2898	38798
2900	29366
2902	34899
2904	37455
2906	30405
2908	20411
2910	40105
2912	23892
2914	25257
2916	27191
2918	35891
2920	24533
2922	21115
2924	30505
2926	18305
2928	38442
2930	32157
2932	31514
2934	37397
2936	37297
2938	22756
2940	41492
2942	31842
2944	17012
2946	25470
2948	32285
2950	34468
2952	36614
2954	32540
2956	26753
2958	40589
2960	39431
2962	24428
2964	41109
2966	25283
2968	25234
2970	32290
2972	23616
2974	34651
2976	22129
2978	28066
2980	16628
2982	28439
2984	32028
2986	31016
2988	37881
2990	30293
2992	30681
2994	27075
2996	35837
2998	21611
3000	34654
3002	36038
3004	19773
3006	21621
3008	29521
3010	28699
3012	43375
3014	37251
3016	24926
3018	24086
3020	42929
3022	31988
3024	38546
3026	26299
3028	32231
3030	30688
3032	21445
3034	18123
3036	37102
3038	43562
3040	23766
3042	41325
3044	34137
3046	21834
3048	32358
3050	35631
3052	25539
3054	21337
3056	29620
3058	38647
3060	28018
3062	27405
3064	31340
3066	36123
3068	45499
3070	15045
3072	36499
3074	26886
3076	14490
3078	31752
3080	41086
3082	27051
3084	43019
3086	29038
3088	28878
3090	36084
3092	22012
3094	37621
3096	38525
3098	26684
3100	30320
3102	39420
3104	39712
3106	28744
3108	37338
3110	32065
3112	25264
3114	32901
3116	23852
3118	37242
3120	38649
3122	26674
3124	35995
3126	42390
3128	40998
3130	32127
3132	24222
3134	15781
3136	26976
3138	36594
3140	25815
3142	32632
3144	36339
3146	22010
3148	30273
3150	40209
3152	38001
3154	31812
3156	27510
3158	20436
3160	28743
3162	31927
3164	37677
3166	33862
3168	41624
3170	40187
3172	16105
3174	39820
3176	25263
3178	27731
3180	34335
3182	39470
3184	40872
3186	22182
3188	46183
3190	39451
3192	20613
3194	31061
3196	30251
3198	41828
3200	29635
3202	29486
3204	47348
3206	21948
3208	34124
3210	43940
3212	34503
3214	20667
3216	31775
3218	39074
3220	29150
3222	33768
3224	41681
3226	25292
3228	41049
3230	39332
3232	37861
3234	38365
3236	39334
3238	32999
3240	36100
3242	30390
3244	34197
3246	35312
3248	36479
3250	33177
3252	36579
3254	49089
3256	20479
3258	33573
3260	41268
3262	40709
3264	32438
3266	35220
3268	37307
3270	42208
3272	38441
3274	41763
3276	32814
3278	17928
3280	33564
3282	25404
3284	33163
3286	18289
3288	41817
3290	34123
3292	32072
3294	34472
3296	43454
3298	27110
3300	50769
3302	39367
3304	33531
3306	38878
3308	47026
3310	20780
3312	28400
3314	39311
3316	16221
3318	36812
3320	45797
3322	31970
3324	49229
3326	27192
3328	42466
3330	44261
3332	30519
3334	25441
3336	33496
3338	40281
3340	29158
3342	20830
3344	37529
3346	27904
3348	49793
3350	35318
3352	39579
3354	36035
3356	22390
3358	33429
3360	45176
3362	28810
3364	35320
3366	21371
3368	19437
3370	40796
3372	48810
3374	41652
3376	36394
3378	36520
3380	30811
3382	33877
3384	39000
3386	37817
3388	35580
3390	36412
3392	27157
3394	24893
3396	21608
3398	38052
3400	37234
3402	43744
3404	41309
3406	36432
3408	48892
3410	31268
3412	35764
3414	48535
3416	20264
3418	33642
3420	43363
3422	33903
3424	29740
3426	32575
3428	44511
3430	25549
3432	31071
3434	46274
3436	24189
3438	44972
3440	29373
3442	31024
3444	39005
3446	29332
3448	40695
3450	37761
3452	29124
3454	39929
3456	36378
3458	40005
3460	34688
3462	51523
3464	36903
3466	22093
3468	54688
3470	48816
3472	27614
3474	30311
3476	41065
3478	30725
3480	26299
3482	51001
3484	34697
3486	20437
3488	44750
3490	31070
3492	50152
3494	37251
3496	26730
3498	42596
3500	52443
3502	42418
3504	28841
3506	40882
3508	35772
3510	49803
3512	48959
3514	45813
3516	20293
3518	51563
3520	30648
3522	41103
3524	39928
3526	35239
3528	48178
3530	40809
3532	37628
3534	53744
3536	34148
3538	42898
3540	51697
3542	33536
3544	33842
3546	42735
3548	50557
3550	30006
3552	45026
3554	34429
3556	30359
3558	52553
3560	49334
3562	45492
3564	47390
3566	31679
3568	29910
3570	39831
3572	51352
3574	26817
3576	23749
3578	23348
3580	34486
3582	51459
3584	49860
3586	37398
3588	42836
3590	29535
3592	16068
3594	47781
3596	41352
3598	30337
3600	44360
3602	34210
3604	34381
3606	30846
3608	41210
3610	38572
3612	40040
3614	51437
3616	18060
3618	52629
3620	40946
3622	35778
3624	49016
3626	39739
3628	24190
3630	45214
3632	40896
3634	39775
3636	38088
3638	54289
3640	47145
3642	20506
3644	52545
3646	43120
3648	42817
3650	33814
3652	31662
3654	39089
3656	23891
3658	38767
3660	53316
3662	42747
3664	31577
3666	34303
3668	37319
3670	45627
3672	47242
3674	41366
3676	37001
3678	52661
3680	40603
3682	34091
3684	19193
3686	39126
3688	47093
3690	28532
3692	55078
3694	43604
3696	39324
3698	50920
3700	39052
3702	52996
3704	43065
3706	20994
3708	33306
3710	52817
3712	49333
3714	44658
3716	44917
3718	32967
3720	48981
3722	57041
3724	26033
3726	40928
3728	50761
3730	31058
3732	24843
3734	53318
3736	36949
3738	44320
3740	43160
3742	19703
3744	47400
3746	42315
3748	32604
3750	51552
3752	28929
3754	36436
3756	49285
3758	38007
3760	41190
3762	33273
3764	50043
3766	27758
3768	49139
3770	50069
3772	46831
3774	48029
3776	24939
3778	50444
3780	55399
3782	34025
3784	23698
3786	46302
3788	40424
3790	39759
3792	37436
3794	50279
3796	33262
3798	55267
3800	50253
3802	33465
3804	55025
3806	40679
3808	46857
3810	44607
3812	43400
3814	17781
3816	21896
3818	51284
3820	34397
3822	47832
3824	44760
3826	26947
3828	32875
3830	40928
3832	50177
3834	47348
3836	38425
3838	46425
3840	46663
3842	44251
3844	26102
3846	40419
3848	51404
3850	48299
3852	56521
3854	55923
3856	16513
3858	36099
3860	45469
3862	30968
3864	50464
3866	44668
3868	37031
3870	41916
3872	35352
3874	50973
3876	28034
3878	56572
3880	34701
3882	39434
3884	41499
3886	22470
3888	49125
3890	43707
3892	45380
3894	31784
3896	33624
3898	27758
3900	53475
3902	50832
3904	50499
3906	31823
3908	57595
3910	48032
3912	51336
3914	28102
3916	33734
3918	63942
3920	53897
3922	50025
3924	56615
3926	35984
3928	29842
3930	52283
3932	63191
3934	34767
3936	50109
3938	22466
3940	40389
3942	51543
3944	35730
3946	43959
3948	58206
3950	50476
3952	37494
3954	52580
3956	28342
3958	47811
3960	50786
3962	36753
3964	27084
3966	27211
3968	55210
3970	35950
3972	52209
3974	42085
3976	35874
3978	36428
3980	52152
3982	41521
3984	48741
3986	46469
3988	49107
3990	59288
3992	36395
3994	51051
3996	36040
3998	31837
4000	27776
4002	48519
4004	59972
4006	29719
4008	52715
4010	42382
4012	42986
4014	59806
4016	34046
4018	36585
4020	59456
4022	62489
4024	47864
4026	42389
4028	51295
4030	39896
4032	52374
4034	23820
4036	38937
4038	54644
4040	33850
4042	43493
4044	49780
4046	42074
4048	45923
4050	43703
4052	26386
4054	31326
4056	44194
4058	36304
4060	25153
4062	32420
4064	49056
4066	43856
4068	52681
4070	35441
4072	45764
4074	57321
4076	49789
4078	28377
4080	51760
4082	44782
4084	46951
4086	39010
4088	48651
4090	46960
4092	65883
4094	65096
4096	15476
4098	21335
4100	63010
4102	53168
4104	53727
4106	48949
4108	51234
4110	54660
4112	58277
4114	35332
4116	53287
4118	56106
4120	51527
4122	50484
4124	30392
4126	29761
4128	55504
4130	47082
4132	42633
4134	60845
4136	54271
4138	46145
4140	60490
4142	32622
4144	52218
4146	50966
4148	42109
4150	51328
4152	42791
4154	44113
4156	30982
4158	62115
4160	59316
4162	18671
4164	53241
4166	34699
4168	44925
4170	57254
4172	42216
4174	46184
4176	48929
4178	31210
4180	36217
4182	38695
4184	41207
4186	32721
4188	35218
4190	56697
4192	28844
4194	48160
4196	52729
4198	42659
4200	29028
4202	45058
4204	52099
4206	49912
4208	29035
4210	47096
4212	51712
4214	53910
4216	34458
4218	52680
4220	65416
4222	29137
4224	52732
4226	46667
4228	47600
4230	64066
4232	59198
4234	42992
4236	45171
4238	47796
4240	42002
4242	59076
4244	64799
4246	36869
4248	44762
4250	42937
4252	24795
4254	67388
4256	43923
4258	36416
4260	63884
4262	74536
4264	30648
4266	51568
4268	37324
4270	44796
4272	44064
4274	47067
4276	35669
4278	41018
4280	60141
4282	52905
4284	68924
4286	45233
4288	32179
4290	54410
4292	47505
4294	49754
4296	58099
4298	43737
4300	42968
4302	44440
4304	28629
4306	27531
4308	47097
4310	51198
4312	51623
4314	59606
4316	54179
4318	56409
4320	44739
4322	51081
4324	35310
4326	49391
4328	59061
4330	24951
4332	44333
4334	49344
4336	35831
4338	61678
4340	56993
4342	55475
4344	49216
4346	50184
4348	35523
4350	64422
4352	48975
4354	56774
4356	35756
4358	67822
4360	55462
4362	39054
4364	66247
4366	27356
4368	40216
4370	18759
4372	38480
4374	66765
4376	56222
4378	47408
4380	45461
4382	31801
4384	49032
4386	55026
4388	57029
4390	32346
4392	59103
4394	51533
4396	43754
4398	65208
4400	61171
4402	39046
4404	30482
4406	38985
4408	32557
4410	47937
4412	39395
4414	47716
4416	54822
4418	27414
4420	56978
4422	45431
4424	53137
4426	48568
4428	48984
4430	50144
4432	40731
4434	29438
4436	54202
4438	35210
4440	52905
4442	58022
4444	44996
4446	30300
4448	60584
4450	56468
4452	66428
4454	39868
4456	44333
4458	57810
4460	46710
4462	56612
4464	64071
4466	50581
4468	53652
4470	39027
4472	55242
4474	40768
4476	57641
4478	59153
4480	58018
4482	50275
4484	69637
4486	36350
4488	40065
4490	68758
4492	46384
4494	70326
4496	36966
4498	61098
4500	55619
4502	49117
4504	43156
4506	34543
4508	69380
4510	55741
4512	56288
4514	28209
4516	31046
4518	66587
4520	53054
4522	45762
4524	44177
4526	40148
4528	55870
4530	55647
4532	62159
4534	57162
4536	61983
4538	46355
4540	33800
4542	57043
4544	50570
4546	42969
4548	69699
4550	57599
4552	38650
4554	47333
4556	45125
4558	38501
4560	58559
4562	60323
4564	44585
4566	53874
4568	53441
4570	61932
4572	61624
4574	50024
4576	30892
4578	34515
4580	32640
4582	60680
4584	64571
4586	54288
4588	52152
4590	42078
4592	66884
4594	61558
4596	50147
4598	61702
4600	20296
4602	53381
4604	70145
4606	40465
4608	57092
4610	58212
4612	46273
4614	62671
4616	47738
4618	37079
4620	54399
4622	68763
4624	31952
4626	52442
4628	52955
4630	59070
4632	48526
4634	38806
4636	41481
4638	74401
4640	66187
4642	23122
4644	49137
4646	50896
4648	61411
4650	64138
4652	64237
4654	50549
4656	40539
4658	48414
4660	41102
4662	65239
4664	57181
4666	49773
4668	60674
4670	54309
4672	57939
4674	66665
4676	27601
4678	55438
4680	60831
4682	19536
4684	40123
4686	48518
4688	42918
4690	53141
4692	71845
4694	52319
4696	41246
4698	31271
4700	45370
4702	59656
4704	67770
4706	54749
4708	52679
4710	42255
4712	29709
4714	61149
4716	43159
4718	54138
4720	53625
4722	45822
4724	71338
4726	36937
4728	67269
4730	53350
4732	53653
4734	48154
4736	62839
4738	51502
4740	63256
4742	48236
4744	35178
4746	27099
4748	66688
4750	61338
4752	50725
4754	45827
4756	48061
4758	61959
4760	57912
4762	58717
4764	48477
4766	34011
4768	54585
4770	49476
4772	55385
4774	45406
4776	48930
4778	43704
4780	60177
4782	32103
4784	68959
4786	38163
4788	74227
4790	70168
4792	50764
4794	68974
4796	43332
4798	31882
4800	64010
4802	60504
4804	50552
4806	53157
4808	58400
4810	43937
4812	46770
4814	72832
4816	51190
4818	62012
4820	56477
4822	64607
4824	42197
4826	48992
4828	44679
4830	55264
4832	70185
4834	61244
4836	67531
4838	54774
4840	31547
4842	61402
4844	67557
4846	33700
4848	67365
4850	50019
4852	41323
4854	65615
4856	48897
4858	64732
4860	25674
4862	59703
4864	64962
4866	45342
4868	47799
4870	54740
4872	52861
4874	68044
4876	44501
4878	72855
4880	37277
4882	53376
4884	41009
4886	53781
4888	44255
4890	70707
4892	45620
4894	40096
4896	43608
4898	68113
4900	55440
4902	58939
4904	69997
4906	28265
4908	66521
4910	64636
4912	64618
4914	70037
4916	63424
4918	58560
4920	65289
4922	28322
4924	53950
4926	57925
4928	57383
4930	48034
4932	60962
4934	73138
4936	46002
4938	61650
4940	59274
4942	49804
4944	70017
4946	47536
4948	30984
4950	67064
4952	70498
4954	36222
4956	66559
4958	76618
4960	46973
4962	43606
4964	58151
4966	32455
4968	72888
4970	67126
4972	37843
4974	79562
4976	64974
4978	35585
4980	70083
4982	57212
4984	26950
4986	50805
4988	80843
4990	65012
4992	42066
4994	58302
4996	28964
4998	69955
5000	49108
5002	64680
5004	79144
5006	32927
5008	68088
5010	74420
5012	76716
5014	61630
5016	45971
5018	64100
5020	55016
5022	62476
5024	72555
5026	53365
5028	51837
5030	68743
5032	36945
5034	59877
5036	53821
5038	42952
5040	69369
5042	73534
5044	59385
5046	55448
5048	47227
5050	46349
5052	77912
5054	59734
5056	35817
5058	62573
5060	76667
5062	25306
5064	69518
5066	38918
5068	64496
5070	56161
5072	55735
5074	45683
5076	49160
5078	81753
5080	70939
5082	56813
5084	48451
5086	34342
5088	69835
5090	51342
5092	62675
5094	68105
5096	70426
5098	58139
5100	77957
5102	66123
5104	51884
5106	50664
5108	77515
5110	61236
5112	67758
5114	55546
5116	23171
5118	41171
5120	70866
5122	57860
5124	61921
5126	37880
5128	48215
5130	53916
5132	59261
5134	61535
5136	44488
5138	69270
5140	40630
5142	59218
5144	58620
5146	55442
5148	83385
5150	47419
5152	45338
5154	41098
5156	67880
5158	65768
5160	51052
5162	42279
5164	54197
5166	56408
5168	61612
5170	57318
5172	79781
5174	50084
5176	51373
5178	55198
5180	79824
5182	48444
5184	52200
5186	41271
5188	29424
5190	82286
5192	77183
5194	43848
5196	69693
5198	70397
5200	66837
5202	66567
5204	57798
5206	60970
5208	44108
5210	49254
5212	47771
5214	58191
5216	54789
5218	60488
5220	54597
5222	72865
5224	74219
5226	45747
5228	79413
5230	49598
5232	76080
5234	65568
5236	53857
5238	62552
5240	61611
5242	71192
5244	73383
5246	57259
5248	56802
5250	66467
5252	60203
5254	53159
5256	57351
5258	55283
5260	43943
5262	80982
5264	62721
5266	37517
5268	63413
5270	66544
5272	44040
5274	74920
5276	55440
5278	68690
5280	53861
5282	73398
5284	67159
5286	33519
5288	66403
5290	43702
5292	45997
5294	63308
5296	39587
5298	60237
5300	63756
5302	39836
5304	73957
5306	63935
5308	54782
5310	79712
5312	58118
5314	51156
5316	72156
5318	49045
5320	65359
5322	52972
5324	70911
5326	44317
5328	69449
5330	60463
5332	38584
5334	82535
5336	48797
5338	52657
5340	60077
5342	46104
5344	48202
5346	55602
5348	48392
5350	74702
5352	73925
5354	67899
5356	26531
5358	74092
5360	52039
5362	69966
5364	64845
5366	49641
5368	60216
5370	55463
5372	51075
5374	48754
5376	57957
5378	63768
5380	64275
5382	69363
5384	54254
5386	60620
5388	84789
5390	58984
5392	67405
5394	67802
5396	57683
5398	32701
5400	74970
5402	56709
5404	32338
5406	66049
5408	78609
5410	42518
5412	76569
5414	70671
5416	62801
5418	79885
5420	33501
5422	53108
5424	50157
5426	35143
5428	56902
5430	60760
5432	78400
5434	55397
5436	74807
5438	74318
5440	49667
5442	62210
5444	86189
5446	55008
5448	78191
5450	65420
5452	61962
5454	48124
5456	79093
5458	58960
5460	78758
5462	22108
5464	60688
5466	55472
5468	48134
5470	73495
5472	59122
5474	57540
5476	45909
5478	86750
5480	78048
5482	48151
5484	84539
5486	60604
5488	53861
5490	64972
5492	71035
5494	56944
5496	45092
5498	66986
5500	54261
5502	84231
5504	66124
5506	64816
5508	85230
5510	65920
5512	67932
5514	70124
5516	41923
5518	60305
5520	73159
5522	74044
5524	61708
5526	40970
5528	82779
5530	45610
5532	60708
5534	73700
5536	43729
5538	41166
5540	77989
5542	71246
5544	52925
5546	66982
5548	63597
5550	67530
5552	37524
5554	56499
5556	42882
5558	85064
5560	39376
5562	81304
5564	85788
5566	46206
5568	79500
5570	58795
5572	64216
5574	93711
5576	64182
5578	64058
5580	79315
5582	46353
5584	77946
5586	71677
5588	48957
5590	70042
5592	72635
5594	60870
5596	57840
5598	64142
5600	79647
5602	76489
5604	57343
5606	66805
5608	38053
5610	73312
5612	49649
5614	73005
5616	75450
5618	57549
5620	67804
5622	41725
5624	80336
5626	70860
5628	44153
5630	39815
5632	77464
5634	67113
5636	62213
5638	73041
5640	78809
5642	61346
5644	41904
5646	59718
5648	81281
5650	67220
5652	86558
5654	77328
5656	41455
5658	82335
5660	93843
5662	39547
5664	72182
5666	64414
5668	61575
5670	61331
5672	84579
5674	38341
5676	77860
5678	55927
5680	42253
5682	54604
5684	88862
5686	67365
5688	78061
5690	66301
5692	52229
5694	90687
5696	55074
5698	63909
5700	73395
5702	87374
5704	78802
5706	54991
5708	68619
5710	68235
5712	63199
5714	52279
5716	37677
5718	90357
5720	46525
5722	75834
5724	75181
5726	55787
5728	67525
5730	49053
5732	52770
5734	40210
5736	51160
5738	54370
5740	60527
5742	93255
5744	80893
5746	65154
5748	78432
5750	88051
5752	73720
5754	80499
5756	74464
5758	68899
5760	74895
5762	60592
5764	37721
5766	57537
5768	46478
5770	46718
5772	82701
5774	63561
5776	37985
5778	63838
5780	90924
5782	62061
5784	79110
5786	47072
5788	61360
5790	79750
5792	91618
5794	81947
5796	52267
5798	34198
5800	64676
5802	87349
5804	68581
5806	49582
5808	84650
5810	62243
5812	62292
5814	89670
5816	58621
5818	55709
5820	78572
5822	60354
5824	75471
5826	62964
5828	91389
5830	69866
5832	69262
5834	58696
5836	61752
5838	66866
5840	83813
5842	65717
5844	92544
5846	66271
5848	80027
5850	88462
5852	98579
5854	75461
5856	83335
5858	83139
5860	40277
5862	76251
5864	38879
5866	43699
5868	70608
5870	93400
5872	56827
5874	74596
5876	73244
5878	76049
5880	79597
5882	75960
5884	63969
5886	70038
5888	83177
5890	38921
5892	63258
5894	80348
5896	65977
5898	87673
5900	77091
5902	53538
5904	83951
5906	56386
5908	70068
5910	79516
5912	51889
5914	35309
5916	49331
5918	54446
5920	79430
5922	44291
5924	92034
5926	68690
5928	86942
5930	80440
5932	79112
5934	67507
5936	86764
5938	83766
5940	91965
5942	55675
5944	55828
5946	49980
5948	63664
5950	69674
5952	64996
5954	75688
5956	36619
5958	61011
5960	86944
5962	80250
5964	41313
5966	67397
5968	38532
5970	51453
5972	71798
5974	51485
5976	79703
5978	74470
5980	71256
5982	62679
5984	67696
5986	33018
5988	93079
5990	60902
5992	80333
5994	73851
5996	51556
5998	69048
6000	75159
