100
2
2 1
3
1 3 2
4
2 1 4 3
4
1 2 3 4
4
1 2 4 3
4
1 3 2 4
4
1 3 4 2
4
1 4 2 3
4
1 4 3 2
4
2 1 3 4
4
2 1 4 3
4
2 3 1 4
4
2 3 4 1
4
2 4 1 3
4
2 4 3 1
4
3 1 2 4
4
3 1 4 2
4
3 2 1 4
4
3 2 4 1
4
3 4 1 2
4
3 4 2 1
4
4 1 2 3
4
4 1 3 2
4
4 2 1 3
4
4 2 3 1
4
4 3 1 2
4
4 3 2 1
3
2 3 1
5
1 4 2 3 5
4
1 4 3 2
3
3 2 1
7
6 1 3 5 2 4 7
10
2 1 9 5 4 10 8 7 3 6
8
1 2 3 4 5 6 7 8
10
2 1 8 6 10 4 9 3 7 5
9
1 2 9 4 5 6 3 8 7
3
3 1 2
8
2 1 6 7 8 3 4 5
2
2 1
4
1 2 4 3
2
2 1
9
3 6 2 5 1 4 7 8 9
8
8 4 5 3 7 1 6 2
3
1 2 3
2
1 2
2
2 1
9
1 2 3 4 5 6 7 8 9
2
2 1
9
9 6 5 4 3 8 7 1 2
1
1
2
2 1
8
7 6 8 2 4 1 5 3
6
1 4 3 6 5 2
3
2 1 3
9
8 7 4 5 1 6 2 9 3
9
8 9 3 4 5 6 1 7 2
4
1 2 4 3
6
1 2 3 4 5 6
2
2 1
9
7 3 6 8 9 5 4 1 2
2
2 1
8
7 1 4 6 2 8 5 3
3
3 1 2
8
1 2 3 4 5 6 8 7
8
1 2 3 5 8 6 7 4
4
1 2 3 4
9
1 5 2 4 3 9 7 8 6
10
10 2 1 7 4 8 3 9 6 5
7
4 6 3 1 5 2 7
10
1 6 9 4 10 5 7 8 3 2
8
5 4 7 2 1 8 3 6
3
2 3 1
2
2 1
8
1 2 5 4 3 6 7 8
5
1 2 4 5 3
8
7 6 5 8 1 3 4 2
8
2 7 8 3 1 4 5 6
10
1 2 3 7 5 6 4 8 9 10
10
1 2 3 4 5 6 7 8 9 10
10
5 3 2 9 1 10 8 7 4 6
8
1 2 3 4 5 6 8 7
9
1 9 3 6 4 2 7 8 5
2
2 1
2
2 1
10
8 7 1 4 5 10 2 6 3 9
10
2 4 10 9 8 7 1 6 3 5
5
5 3 1 2 4
10
5 4 3 6 10 9 1 7 8 2
10
8 2 9 6 5 7 3 1 4 10
4
4 1 2 3
3
3 2 1
2
2 1
1
1
7
1 2 3 4 5 6 7
3
2 1 3
10
3 2 10 4 5 6 7 8 9 1
10
1 2 3 10 5 6 7 8 9 4
9
4 8 2 3 7 1 6 9 5
8
1 2 3 4 5 8 7 6
5
1 2 3 4 5
