100
2
2 1
3
1 3 2
4
2 1 4 3
4
1 2 3 4
4
1 2 4 3
4
1 3 2 4
4
1 3 4 2
4
1 4 2 3
4
1 4 3 2
4
2 1 3 4
4
2 1 4 3
4
2 3 1 4
4
2 3 4 1
4
2 4 1 3
4
2 4 3 1
4
3 1 2 4
4
3 1 4 2
4
3 2 1 4
4
3 2 4 1
4
3 4 1 2
4
3 4 2 1
4
4 1 2 3
4
4 1 3 2
4
4 2 1 3
4
4 2 3 1
4
4 3 1 2
4
4 3 2 1
3
2 3 1
2
2 1
4
4 1 3 2
10
1 2 3 7 5 4 8 6 9 10
10
4 3 1 5 7 8 10 2 6 9
7
2 5 3 4 6 1 7
5
3 2 5 4 1
2
2 1
8
4 6 1 8 2 3 5 7
8
1 2 3 4 5 6 7 8
7
5 2 3 7 1 6 4
5
3 5 1 4 2
10
7 3 2 10 8 9 1 5 6 4
4
1 2 3 4
8
8 7 4 3 6 5 2 1
3
2 1 3
5
3 4 2 1 5
4
2 1 3 4
8
4 7 3 1 5 2 6 8
10
6 2 3 4 5 7 1 8 9 10
1
1
8
4 8 3 6 5 1 7 2
6
1 2 3 4 5 6
9
9 6 2 5 4 7 3 1 8
8
1 2 5 4 3 6 7 8
1
1
6
2 3 6 5 1 4
6
3 6 2 4 1 5
9
2 4 6 5 7 3 1 8 9
10
4 3 8 7 6 10 5 2 1 9
2
2 1
9
7 3 1 6 9 8 5 2 4
2
1 2
8
6 5 4 1 8 3 2 7
9
9 2 3 4 5 1 7 8 6
4
3 4 2 1
10
5 9 4 3 1 8 10 6 2 7
2
2 1
8
1 2 3 4 7 6 5 8
10
7 8 4 3 6 5 1 2 10 9
7
1 2 3 4 5 6 7
2
2 1
4
2 1 3 4
9
4 1 8 3 6 2 5 9 7
3
2 3 1
10
1 2 3 4 5 6 7 8 9 10
5
1 2 3 4 5
9
1 9 2 4 5 6 7 8 3
10
2 3 7 1 5 9 6 8 10 4
6
3 2 5 4 1 6
3
1 2 3
10
2 1 6 8 10 3 9 4 7 5
4
1 3 2 4
2
2 1
3
1 3 2
9
9 4 6 1 2 3 8 7 5
4
2 3 1 4
10
1 8 3 4 5 6 7 10 9 2
10
2 1 10 4 5 7 6 8 9 3
8
8 5 4 3 2 7 6 1
2
2 1
8
8 6 1 7 5 4 2 3
3
2 3 1
7
6 7 2 5 1 3 4
2
2 1
9
4 9 1 2 6 8 7 3 5
6
2 4 3 5 6 1
9
1 2 3 4 5 6 7 8 9
8
1 4 2 6 5 3 7 8
7
1 2 5 4 3 6 7
4
3 4 1 2
8
1 6 2 3 4 7 8 5
9
8 3 6 5 1 2 7 4 9
