198
791
369
778
704
276
325
282
95
332
379
325
601
783
531
211
192
931
955
434
296
135
491
742
419
451
267
220
228
328
698
39
968
135
626
745
399
559
624
712
335
355
948
284
690
63
410
913
412
206
680
515
93
495
401
916
520
929
964
564
82
581
17
225
488
861
471
572
461
33
260
113
308
622
654
674
23
753
205
362
736
570
118
79
264
144
955
924
436
107
451
210
225
975
898
121
933
295
106
736
245
587
572
30
662
385
899
679
38
410
72
664
882
272
235
670
60
691
754
629
79
605
462
882
562
53
902
3
753
261
625
104
55
994
177
270
158
156
465
936
218
747
879
291
658
923
733
97
389
956
527
462
834
804
738
386
870
474
782
393
387
223
592
946
254
232
513
667
179
902
809
83
863
519
667
523
463
29
721
36
146
200
670
563
460
984
717
792
612
377
252
925
971
318
423
240
461
754
992
713
643
242
781
701
566
473
349
862
811
638
426
154
885
548
640
9
632
710
909
279
705
57
241
428
309
756
63
756
318
193
269
523
804
155
272
182
896
875
144
911
375
625
467
286
326
107
722
649
633
981
439
136
746
451
141
739
607
111
468
432
352
11
125
655
454
683
285
999
797
93
257
240
48
107
168
127
183
273
651
33
682
619
273
432
195
951
534
734
489
981
385
526
406
590
459
274
10
150
930
887
179
752
288
710
527
479
432
977
836
726
603
940
416
428
608
833
14
26
914
80
773
531
937
63
167
263
898
169
5
369
850
434
228
954
890
780
912
587
658
11
324
623
46
998
9
593
954
93
266
162
896
213
519
418
503
60
261
786
516
110
471
369
567
585
921
66
154
283
828
526
212
583
181
478
959
913
440
845
378
693
168
622
416
40
852
587
403
41
440
754
174
57
709
112
259
553
243
569
237
172
566
567
950
77
594
235
904
782
403
867
428
149
102
517
410
859
43
452
884
331
351
454
961
717
968
726
460
641
612
480
735
743
744
713
290
775
401
32
475
15
364
466
240
477
84
696
492
5
372
957
901
644
376
667
261
949
505
732
184
476
21
837
282
828
982
386
335
279
413
153
598
349
260
993
307
318
188
954
115
718
252
9
208
448
70
901
922
513
547
783
979
148
370
752
898
464
109
739
547
954
578
682
204
461
343
514
437
219
429
53
719
730
127
799
242
617
670
575
49
672
642
397
403
769
522
528
565
528
373
100
470
913
470
333
759
677
670
245
376
585
603
63
372
85
634
492
311
875
189
639
903
136
913
209
431
929
554
343
553
853
186
47
10
36
608
985
156
283
739
726
618
780
581
514
395
668
546
804
585
513
591
136
414
858
698
208
280
574
718
5
975
309
877
604
756